105954753,3.6350442535121097
120017988,7.2735187475331315
120018006,11.813154956885043
120018022,10.436040372418441
120018032,3.273552091989968
120018049,5.575096047137601
120018059,7.138124329713061
120018071,6.984503534661683
120018074,6.989838112984267
120018081,6.534883465453871
120018084,6.5856475189513475
120018089,9.083832659314643
120018090,10.908476326298034
120018094,8.959309206946532
120018097,7.0462577558543025
120018100,4.280657058714546
120018102,4.755389463534736
120018107,9.007592519833734
120018108,10.104181800673047
120018114,2.751338082024423
120018124,6.376621077462315
120018126,7.6835137689918325
120018129,7.672367070343719
120018132,5.734524829603688
120018133,3.795849402016946
120018139,4.24448888603368
120018140,5.3766702623295455
120018146,3.266865439782226
120018211,2.7228010723422735
120018212,9.564823318673811
120018379,10.19042269643814
120018459,7.843139854135313
120019294,3.4874873456103086
120019371,2.5606274405811793
120019513,5.173330891864081
120019636,4.732880582987067
120019638,2.2964414478319783
120019704,7.676602177986749
120019712,5.5297997653451505
120019749,3.4464848465746085
120019849,6.592872546902851
120019850,6.9653011255288755
120019854,3.2678138650720276
120020199,5.754105361798816
120020204,5.677725355371021
120020206,4.02419771617052
120020208,7.396572020444663
120020210,9.682529511174888
120020211,8.037108598904256
120020218,8.528159555906749
120020226,11.024779249805173
120020240,5.4648556358914115
120020242,7.408311603294264
120020334,5.680822060674897
120020343,7.005170794720665
120020354,3.171663244087956
120020367,9.483806168233384
120020373,7.446192007021247
120020387,8.794218225598655
120020800,7.657450299316345
120020805,6.119302877963497
120020844,8.2787114685411
121622699,4.032440959420277
121623043,2.6034950036164437
121623126,6.354685743875771
121839184,5.159000688766859
121860894,7.691303148528443
126212479,9.51096494219866
137059882,9.923504083996521
139268769,6.5592843443124496
139269431,4.079762344422532
141288680,5.059273915008383
143249192,4.013634510652962
143249413,4.749098806269966
143249470,1.8789914534200667
143249640,2.385861839516627
143249864,4.882724264231885
143396594,14.252235184359554
143398250,11.641767457469646
143416561,4.139005791999386
143418891,3.2314146615620865
151949699,9.169701432121322
152335372,3.320886891539155
155442829,7.002910405784496
155445200,2.9184428510670966
155635994,3.7306022144885933
166867866,2.646473839483216
167256799,4.601591208135408
167256807,5.934677285645883
32672122,8.028659899961927
34119718,11.828153140180342
34124239,10.55435152898162
34126002,8.420110686244092
34127708,5.616715083800618
34129366,11.169500057811383
34129544,5.645255899042762
34130489,12.959181095127455
34130604,5.935517793836965
34131191,10.57930387120367
34131278,5.593024257540575
34131807,6.891941454579579
37648633,5.303396745239078
45337711,11.470779278468738
45385910,6.71403952379914
45722930,5.134018083443895
45728298,4.963029319609496
45730390,3.3942130556045393
47726570,5.567822443272211
69886156,8.744060752111348
69886228,3.298375960430279
69886510,4.116469541573519
70332223,10.31884501556206
70334209,7.57887697986016
70334219,9.550854269219988
74924599,4.850523331863437
75474779,8.492008763491016
75653667,6.794637185216189
75654673,4.330399049493088
80005045,4.051470439186016
81002103,4.315749803025981
86274695,4.458581071826188
86274749,12.939596285233243
86274823,7.452374493284006
86275133,5.9713372463913
86275195,4.4506073719579895
91593827,9.559983115992098
91594687,10.955793023046226
91594827,10.249667444376128
91594833,3.8992326422317265
91595845,7.547414305253294
91597877,7.265304562790057
91683191,11.600774458457714
91684663,6.7800869031284225
91684979,4.281010133385734
91685475,6.580778312247458
91687083,12.379563632951038
91687843,10.834798257152288
91688409,8.451299071961879
91688455,4.653246394040468
91688775,8.368146965957333
91690129,10.257097144959769
91690341,11.05599262195883
91691877,4.530903290396211
91692521,3.2237202174448334
