0E445706-1F3E-47FA-8A83-D38E2C953307,3.3876196545163566
105954753,3.220545049872035
120017988,2.223670914045676
120018006,7.20650356618221
120018022,4.467574082481465
120018032,2.4632871757520802
120018049,2.3359757612932697
120018059,1.9322501264591454
120018071,4.886671431859287
120018074,4.780289149549771
120018081,2.425803050714075
120018084,4.279082922147146
120018089,3.3250204540691874
120018090,2.6918678007366137
120018094,2.1174474292805683
120018097,3.4603919907341507
120018100,1.7445008059050011
120018102,3.073252690295877
120018107,6.617326138289772
120018108,5.84333590801232
120018114,2.1352279920339927
120018124,3.0652374947672083
120018126,4.540598392481171
120018129,1.6767354844926101
120018132,3.295424655367128
120018133,1.6056887386710448
120018139,1.7754948467955076
120018140,1.6379218893624992
120018146,3.3788371041612835
120018211,1.6429908254767254
120018212,6.026624332373632
120018379,2.9030042570441856
120018459,2.0527723423882263
120019294,3.7809695451615655
120019371,3.102483947167057
120019513,3.687791096366872
120019636,2.28303376659098
120019638,2.3880972173527826
120019704,3.158816859342863
120019712,1.8041419702203625
120019749,2.7669287139136145
120019849,3.8299790158269293
120019850,4.540767240504645
120019854,2.9571735209995964
120020199,2.066204125935902
120020204,3.2445832234855523
120020206,3.0850025810170973
120020208,2.6301547597699737
120020210,4.723005388549979
120020211,2.052746848555832
120020218,5.877669512415005
120020226,6.6475339183393185
120020240,1.6359023068670442
120020242,1.567252430080952
120020334,1.5774647141806477
120020343,1.7346080038434122
120020354,2.845526485106423
120020367,3.7762236789757044
120020373,2.0242817408126434
120020387,4.773982190802949
120020800,2.4265468050124426
120020805,2.539034568814253
120020844,2.6288580207603323
121622699,2.620981180004798
121623043,1.8175653310178568
121623126,1.9510287441769951
121839184,3.7124275949536902
121860894,2.8112712706818876
126212479,4.0458909957976985
137059882,4.62065852552107
139268769,1.6174771382402744
139269431,2.3542140242777085
141288680,2.057597789162483
143249192,1.7620210205242102
143249413,1.6445928528457765
143249470,3.4449238848722255
143249640,2.8954095710107652
143249864,1.596882295801524
143396594,10.55036628143991
143398250,6.225523701411193
143416561,3.3995750677895127
143418891,3.7073288008445604
151949699,3.3775289098481514
152335372,1.890290860196127
155442829,2.8956871072044157
155445200,3.9355927052158246
155635994,1.8266733381158364
166867866,2.637007530707538
167256799,2.057217015422314
167256807,2.9912953067075736
32672122,3.1321963836581213
34119718,6.381792236918406
34124239,3.033543720647583
34126002,2.7053834692165455
34127708,3.6288805852441324
34129366,4.80815113719145
34129544,2.068592432674846
34130489,9.145081198072797
34130604,2.9720503194591634
34131191,4.958072592222879
34131278,3.4731574767746967
34131807,1.862907750257839
45337711,8.011585555440531
45385910,3.015310801466933
45722930,2.013813344053475
45728298,2.3635177624426897
45730390,2.7452100218066477
47726570,3.020387679676809
69886156,2.4466552298602435
69886228,3.03314429311342
69886510,2.8496531510874163
70332223,3.244420696007116
70334209,2.396625700905409
70334219,2.5188013145222454
74924599,3.1251674903373683
75474779,2.7961461969793544
75653667,4.018793466012678
75654673,3.5488959776660374
80005045,1.8741685102022552
81002103,1.6874158501985508
86274695,2.047497622847785
86274749,4.895819047124904
86274823,1.6201287611292368
86275133,3.135695262176667
86275195,1.6397240105106283
91593827,3.8666260808360993
91594687,6.191011449557689
91594827,5.887077273211059
91594833,1.7829708081546993
91595845,5.733263106369432
91597877,2.715314430130974
91683191,7.699739375421333
91684663,2.8939978894278964
91684979,2.1449369001673504
91685475,5.386854128067945
91687083,6.314952775867521
91687843,4.516420482400969
91688409,4.312105865304976
91688455,1.8995730466449368
91688775,2.391566675147895
91690129,3.06447076190055
91690341,4.7196704039731125
91691877,2.2328058640832995
91692521,3.421451445699372
