0E445706-1F3E-47FA-8A83-D38E2C953307,4.995558642139166
105954753,6.568616109953241
120017988,3.3818174920044988
120018006,8.546538577493429
120018022,5.5548189607556875
120018032,5.029315368338874
120018049,2.2892194463669147
120018059,3.0554793817427073
120018071,4.668727567454745
120018074,4.36572598344319
120018081,2.30998522197387
120018084,3.89605154366408
120018089,4.7995679514945175
120018090,6.22153537127575
120018094,4.537360705877056
120018097,4.142100446209259
120018100,1.6421117926908473
120018102,3.127188668635147
120018107,5.898595135738612
120018108,6.7905227457457515
120018114,2.7598945600211784
120018124,3.467640596617269
120018126,4.305887498496097
120018129,3.2909767166559107
120018132,2.9849449838234694
120018133,2.0089288180807467
120018139,3.1963810846950027
120018140,1.9532430959802851
120018146,6.196013673790757
120018211,3.417173774910105
120018212,6.045623760493227
120018379,5.444223033383852
120018459,3.276909312553014
120019294,6.879924036039309
120019371,5.96361329904751
120019513,7.3453638218703
120019636,4.016202255169689
120019638,3.236195539298354
120019704,4.693174343273942
120019712,2.564861809271003
120019749,4.927433100571201
120019849,3.8521787798777165
120019850,3.7521470902922918
120019854,3.6662331420997587
120020199,2.107125856157152
120020204,2.950724567419048
120020206,6.562763040199881
120020208,3.9333953696326116
120020210,5.455496382543937
120020211,3.5745876317961383
120020218,5.730029644991242
120020226,8.23445634473258
120020240,2.317053362736929
120020242,2.518789541499916
120020334,2.6151015451158712
120020343,3.1879421132254597
120020354,4.384730234374048
120020367,5.135205552462221
120020373,2.2880746869478754
120020387,5.3176413542522
120020800,3.3767106687712136
120020805,2.549228137128807
120020844,4.623377064736174
121622699,4.669769988722574
121623043,3.2248246961827998
121623126,2.5330757786248275
121839184,6.339514692930378
121860894,3.071733735741445
126212479,5.670199877877414
137059882,6.062506824365367
139268769,2.3682512810448086
139269431,1.914301367512056
141288680,2.042341158583887
143249192,1.7975578000033505
143249413,1.6691031324740093
143249470,5.027614350265564
143249640,4.413213130304475
143249864,2.0715474715407867
143396594,10.834094687669344
143398250,8.28340970248414
143416561,6.656295511013397
143418891,5.41405898128351
151949699,4.948969938222823
152335372,2.443856119232135
155442829,3.464570278766336
155445200,3.71348967291306
155635994,1.9325908203074822
166867866,2.8240968064246244
167256799,3.3135067361012642
167256807,3.5491980195222594
32672122,3.365613221783405
34119718,8.620296888977128
34124239,5.925685925238042
34126002,4.2941488652311985
34127708,3.2542610784038546
34129366,6.9108231043912145
34129544,2.099972737139337
34130489,10.365217072301343
34130604,2.8676456796864507
34131191,6.098203377344787
34131278,2.945761126484127
34131807,2.67478570477429
37648633,2.4258422936923303
45337711,8.417548310205001
45385910,4.4147195587238395
45722930,1.8383984244701057
45728298,2.5509555620541415
45730390,3.848848141391073
47726570,2.8858099043811913
69886156,4.071528661050842
69886228,2.540624266438451
69886510,3.3285867467780785
70332223,5.5647933922546855
70334209,3.7114468569621692
70334219,5.601383924561464
74924599,3.1792045513718494
75474779,4.371233190640529
75653667,4.232013484488455
75654673,7.2553545022978305
80005045,2.445119056695847
81002103,1.8586263074528049
86274695,2.031889214791499
86274749,7.869584755617788
86274823,3.1053548080209867
86275133,4.52180512684177
86275195,2.4510341183014277
91593827,4.823150975988889
91594687,7.706476210336712
91594827,7.191052949851568
91594833,2.024394225761165
91595845,4.95442870531139
91597877,3.1355926187520904
91683191,8.777604384803649
91684663,3.0903617542771014
91684979,2.588401913914503
91685475,4.29446125538151
91687083,9.524720312659982
91687843,7.010621312930415
91688409,4.712266944406087
91688775,4.025234127694275
91690129,6.284394290301981
91690341,7.017297644795527
91691877,1.698361686952998
91692521,6.7498457701466625
