0E445706-1F3E-47FA-8A83-D38E2C953307,2.7198428145682843
105954753,2.3850591491272852
120017988,1.6236056192430175
120018006,3.094564589645601
120018022,2.3491805289388323
120018032,1.4403065401717141
120018049,1.5186673864454698
120018059,1.3858695916450494
120018071,1.4812912787557457
120018074,1.5008811618027036
120018081,1.4268825630015782
120018084,1.388260011463928
120018089,1.351218048904477
120018090,1.4940165518435764
120018094,1.200175068025676
120018097,1.3081497302208625
120018100,1.8328669925656538
120018102,1.5699053722281526
120018107,1.7244605962830695
120018108,2.262936200659627
120018114,1.8191731412851175
120018124,1.5943677612596905
120018126,1.3123912341583126
120018129,1.2424951237165247
120018132,1.7340416203419093
120018133,1.636582217255658
120018139,1.3894854741378422
120018140,1.5624074843036846
120018146,1.4670778126756587
120018211,1.6282771121290038
120018212,3.1462209605758944
120018379,1.3889256797201823
120018459,1.5577673651287163
120019294,3.0907536200322347
120019371,2.740364952921197
120019513,2.5406815379297814
120019636,1.49277888440048
120019638,2.1155381615012114
120019704,1.478182979743063
120019712,1.3902674501910919
120019749,1.614087131587309
120019849,2.463367839758078
120019850,2.221363156555463
120019854,2.2424472367841153
120020199,1.3172001624125327
120020204,1.5446611728889874
120020206,1.6694646242052695
120020208,1.2820055139414832
120020210,1.4191058662299743
120020211,1.3620048870066925
120020218,1.8453167884088895
120020226,2.6069103033844105
120020240,1.6092255814456995
120020242,1.3859117187888803
120020334,1.2880761664962845
120020343,1.1884010701040044
120020354,1.340332032069945
120020367,1.8304047136836052
120020373,1.9693044745447394
120020387,1.8306811247053878
120020800,1.814527720795523
120020805,1.4927916099764318
120020844,1.2339086559148966
121622699,1.5920864627031721
121623043,1.3977714527172949
121623126,1.3834817856658597
121839184,1.6417175971013924
121860894,1.6259801430195395
126212479,2.4133821118016794
137059882,1.8079290428847214
139268769,1.2550535979239898
139269431,2.012058487530671
141288680,1.5814239657410425
143249192,1.8023250824066888
143249413,1.7092733804437164
143249470,2.538382027515889
143249640,2.0204530334386384
143249864,1.4432753566060184
143396594,3.404712693075227
143398250,2.3663290956144905
143416561,2.3321056019357793
143418891,2.949823314795733
151949699,1.3461227443773074
152335372,1.6605433665409806
155442829,2.795893553942234
155445200,3.854508547210684
155635994,1.6092836451884038
166867866,1.8993586818433792
167256799,1.3717759102837446
167256807,1.6667867103378733
32672122,1.4070127873619904
34119718,1.8970673690131694
34126002,1.8186014161995592
34127708,1.5973150305451937
34129366,1.9510072441420028
34129544,1.9246904598539598
34130489,4.061602404890768
34130604,1.361609031722127
34131191,1.7303412701235377
34131278,1.5913209874416103
34131807,1.7111111094241833
37648633,1.287775765269226
45337711,4.727836956855717
45385910,1.3367942541457747
45722930,1.6304353784132577
45728298,1.7488510119824905
45730390,2.1713466751481723
47726570,1.957352110478876
69886156,1.5277552386343787
69886228,2.699416109865453
69886510,2.1760372697981816
70332223,2.1739462457849372
70334209,1.5385912330186278
70334219,1.9917453683399058
74924599,1.9036878070823846
75474779,1.7771339407104099
75653667,2.8856699054391863
75654673,1.5464486071853973
80005045,2.1618372082055624
81002103,1.728375499520285
86274695,1.54117515438111
86274749,1.7265754771280197
86274823,1.5570464969105304
86275133,1.4221781665812638
86275195,1.3894444775252648
91593827,1.6186859072411028
91594687,1.9891696407224808
91594827,2.743316123092818
91594833,1.6062797159766518
91595845,2.0674592258845097
91597877,1.4399890134435622
91683191,1.8617422232942644
91684663,1.8399249897892063
91684979,1.5359138499708074
91685475,1.9205833352140629
91687083,1.4211303777450601
91687843,1.3161481397412356
91688409,1.5971384180727517
91688455,1.8373674472166583
91688775,1.454061950362386
91690129,1.4623605494830025
91690341,1.4798118447791804
91691877,2.4292072038895838
91692521,1.647265911140177
