0E445706-1F3E-47FA-8A83-D38E2C953307,4.170965528014209
105954753,3.6660230615121696
120017988,3.5389412881130076
120018006,2.6785073384373685
120018022,2.1221192208748785
120018032,3.8581035006769135
120018049,3.7392435893334066
120018059,3.762687593128835
120018071,3.1082880416466425
120018074,3.266260220432604
120018081,3.6129625882158387
120018084,3.3077625944466256
120018089,3.191885772272434
120018090,3.0323308143637613
120018094,3.561863080770798
120018097,2.97735028971988
120018100,3.8791793133845682
120018102,2.9355407620997482
120018107,2.4117889316805554
120018108,2.423615464777299
120018114,3.7819791718218285
120018124,2.839511086364096
120018126,2.797007283083876
120018129,3.7224337069416507
120018132,3.5632496965629064
120018133,4.1065561482839
120018139,3.3837009802108273
120018140,3.785847784769818
120018146,3.9935355892035598
120018211,4.071202905534545
120018212,2.078732389033509
120018379,3.9064294849776635
120018459,3.7044864216962874
120019294,4.247943910995047
120019371,3.7856268501820516
120019513,4.023147615419252
120019636,3.6898286427935414
120019638,4.064331972340444
120019704,3.865227824362101
120019712,3.872009728870924
120019749,3.8901078588332516
120019849,3.783318922804617
120019850,3.2170266366638214
120019854,3.485606944221572
120020199,3.761679712584554
120020204,3.491108382578944
120020206,3.8533764734954405
120020208,3.161584179927838
120020210,2.801390453688475
120020211,3.3648531380210183
120020218,2.516933884807484
120020226,2.937702601497212
120020240,4.056486590091967
120020242,3.7616076036670605
120020334,3.86249135930968
120020343,3.9106087511529357
120020354,3.7067423198936833
120020367,2.2116967942605776
120020373,4.34091645915255
120020387,3.58992077011652
120020800,3.7318907654338793
120020805,4.187411711177917
120020844,3.9980955745699482
121622699,4.205406330055679
121623043,3.9861310727402204
121623126,3.9379051136953356
121839184,4.030209180013778
121860894,3.8928816004328812
126212479,3.504846673523562
137059882,3.180600079622443
139268769,3.5350316268595017
139269431,4.356900737536798
141288680,3.939704566362767
143249192,4.213533734310847
143249413,4.042033154028102
143249470,4.18399528140371
143249640,4.014612503460163
143249864,4.066804556014431
143396594,3.3581911920611156
143398250,3.7841811049012235
143416561,3.842817875468277
143418891,4.216252370067604
151949699,4.155825405775471
152335372,3.9865588918369044
155442829,3.965337125865106
155445200,5.146813304759953
155635994,4.201761064631117
166867866,3.9409840505142615
167256799,3.49922553032765
167256807,3.6979075222569344
32672122,3.458773767671297
34119718,3.2451952447746346
34124239,3.733777562594407
34126002,3.6038147404672816
34127708,3.6898545295635214
34129366,2.005783393251782
34129544,3.9653840695099833
34130489,3.791836802650828
34130604,3.656583290897515
34131191,4.385471666732483
34131278,3.008732961292001
34131807,3.7424521161890083
37648633,3.8649104776247634
45337711,3.034659392184476
45385910,3.904550086514576
45722930,4.061270800759002
45728298,3.9019751187657614
45730390,3.899617233455358
47726570,4.050642814603166
69886156,3.810394279169615
69886228,4.273481753687288
69886510,4.30113077567298
70332223,4.356993482376883
70334209,4.191844660486722
70334219,3.7433925661503786
74924599,3.8279748780882574
75474779,3.6122429975239148
75653667,2.977702060183867
75654673,3.9857042188911174
80005045,4.127838889292678
81002103,3.9408918647835556
86274695,3.885603453452158
86274749,3.7429402404665995
86274823,3.845840770253548
86275133,3.761093610415991
86275195,3.843088913082985
91593827,2.637239169277855
91594687,2.8252555487031055
91594833,3.858511442835779
91595845,3.2244711178625685
91597877,3.116358862689931
91683191,2.7047550397004065
91684663,4.1807575542425806
91684979,3.483322197325376
91685475,2.7622317826981946
91687083,3.4155030329820657
91687843,3.1571181672818285
91688409,3.381651673401196
91688455,4.1637460063343426
91688775,3.8500419599631432
91690129,3.4068362188570154
91690341,2.9081347278272673
91691877,4.53665414743473
91692521,4.193227943654444
