0E445706-1F3E-47FA-8A83-D38E2C953307,3.4358508292518746
105954753,3.0678981501736042
120017988,2.5832805349538908
120018006,6.37776424859271
120018022,4.237291849431541
120018032,2.6174362241678844
120018049,2.105815064761448
120018059,1.8531040306192277
120018071,4.449648187475165
120018074,4.562036030963507
120018081,2.4051758591684504
120018084,3.3740185052350444
120018089,3.3377104477384933
120018090,2.327075022971835
120018094,1.9279596261751089
120018097,3.517243660940624
120018100,1.911653241437116
120018102,2.947838507370694
120018107,5.630013943516808
120018108,4.671349847140096
120018114,2.2119728646546903
120018124,3.4372217391666644
120018126,3.8485664295423097
120018129,2.0489462463896024
120018132,3.205780105069731
120018133,1.6950690968221345
120018139,2.0108314768787467
120018140,1.624962687563753
120018146,3.2904658853770905
120018211,1.9977459585417172
120018212,5.545122454100137
120018379,3.0522358856667653
120018459,2.2074210319859664
120019294,3.7731975551674566
120019371,3.079797850713265
120019513,3.5749752403489725
120019636,2.316038106000093
120019638,2.699368726845805
120019704,3.2496443663372867
120019712,1.7164309842122958
120019749,2.8888031169288464
120019849,4.182973679392604
120019850,3.7717296371745115
120019854,2.7420322673656647
120020199,2.0089460652512434
120020204,3.084833311147296
120020206,3.1713365352439653
120020208,2.3937887080648914
120020210,4.025998779904715
120020211,2.0082465392024793
120020218,5.435298088174053
120020226,5.798472611890765
120020240,2.1649890968104533
120020242,1.6831848082817298
120020343,1.9617361512007478
120020354,2.8900875787645592
120020367,3.0625972041657294
120020373,2.16347516079227
120020387,3.9788605987292
120020800,2.989186111897769
120020805,2.273462812088471
120020844,2.8004832437577805
121622699,2.8031890525606245
121623043,2.1743179541174196
121623126,1.7741036233891185
121839184,3.499965507003651
121860894,2.47719741264727
126212479,3.6979918042162576
137059882,4.039289987613719
139268769,1.9654747771734802
139269431,2.6538456440025464
141288680,1.9323549485862996
143249192,2.241799629908928
143249413,1.7667395874585345
143249470,3.3972240917488294
143249640,3.057086543547601
143249864,1.8416810842497562
143396594,9.405072774987916
143398250,5.526072805111439
143416561,3.375208096243091
143418891,3.8106830287995295
151949699,3.3028505981836616
152335372,2.1379529935675814
155442829,3.3286870840359937
155445200,4.0349859496532625
155635994,2.296596985958489
166867866,2.698156413268172
167256799,2.3224927026254343
167256807,2.854841528899246
32672122,2.7025440545360158
34119718,5.378064783437773
34124239,2.602396721906509
34126002,2.606492061432199
34127708,3.359140844161693
34129366,4.706205147570213
34129544,2.0842675688454446
34130489,7.877526529236841
34130604,3.043376274486584
34131191,3.426022216276203
34131278,2.9648738978014015
34131807,2.1317529323788187
37648633,1.747301017391545
45337711,7.609812366368034
45385910,3.056584799928387
45722930,2.0332576825288875
45728298,2.3175107237796695
45730390,2.635272967100634
47726570,2.9890858595906473
69886156,2.2792294045562533
69886228,3.0426317948210992
69886510,2.9563666155004755
70332223,3.0893740565829972
70334209,2.366557529347994
70334219,2.3610670937011666
74924599,2.659011169403332
75474779,2.797264838290443
75653667,4.55130131808116
75654673,3.4197340319118297
80005045,2.190772842586073
81002103,2.0675082833176113
86274695,2.2781786889049656
86274749,4.105857127669141
86274823,1.7893321804063855
86275133,3.113656380074822
86275195,2.218389283755394
91593827,3.3364463130920017
91594687,5.417127744668548
91594827,5.316331890528687
91594833,1.7845003509317476
91595845,4.876581838384222
91597877,2.0962028025833392
91683191,6.610481037732776
91684663,2.343787290701145
91684979,1.9651221813870212
91685475,4.453228388220326
91687083,5.3950190912791784
91687843,3.5973648733604913
91688409,3.3190906646991056
91688455,1.9711223516759686
91688775,2.58475300863566
91690129,2.9723131161001137
91690341,4.1901869596925225
91691877,2.6199119343362227
91692521,3.4415162902442336
