0E445706-1F3E-47FA-8A83-D38E2C953307,2.828644819275752
105954753,2.568065638637227
120017988,2.170501081404105
120018006,7.575211610658686
120018022,5.26315875301423
120018032,1.865857408556549
120018049,3.06425116853232
120018059,2.855437962025614
120018071,5.4188358980649625
120018074,5.506172611717193
120018081,3.228621875791043
120018084,4.448519322764233
120018089,4.3899177732094286
120018090,3.1244137641004643
120018094,2.2089416409261795
120018097,4.454565490710859
120018100,2.212629349134849
120018102,3.173930681386547
120018107,6.475945755464853
120018108,5.594616483984512
120018114,1.738836613208242
120018124,3.9109664029143327
120018126,4.575161589079413
120018129,1.8755997959777124
120018132,4.184461068382151
120018133,1.9928043288155601
120018139,2.30243038720039
120018140,2.2181978741050656
120018146,2.63524878413985
120018211,1.6155040716852578
120018212,6.257901104635989
120018379,2.414810071599669
120018459,2.232358032543194
120019294,3.243112134881211
120019371,2.595656341827604
120019513,3.0620666243457224
120019636,1.8963919702550969
120019638,2.0190102558676584
120019704,2.431484021005802
120019712,1.9504435883572788
120019749,2.153972250560742
120019849,4.917123133529383
120019850,4.2828485930680165
120019854,2.121507560749508
120020199,2.8012192222417713
120020204,4.1679406324757435
120020206,2.640931783687684
120020208,2.722718619298603
120020210,5.033681296635965
120020211,2.321942556362149
120020218,6.406274353328705
120020226,7.008938242461578
120020240,1.8341425310781063
120020242,2.254672689623078
120020334,1.7780579376486656
120020354,1.9921541388376738
120020367,3.635128243068557
120020373,2.1274909589083517
120020387,5.325868886139674
120020800,2.239183820479616
120020805,3.082033978434622
120020844,2.2296212522358916
121622699,2.6804092173302254
121623043,1.467903599206533
121623126,1.8559956752378792
121839184,2.852889073553762
121860894,2.9611372022167153
126212479,4.0291086801980045
137059882,4.99431964023164
139268769,1.9197062754426013
139269431,1.9661526847540647
141288680,2.4343025810546273
143249192,1.752522579605744
143249413,2.225030416275389
143249470,2.7565842753768557
143249640,2.2400592188555937
143249864,2.0458136494331676
143396594,10.377847072904034
143398250,6.659079757653922
143416561,2.680642423605182
143418891,3.2563763959649568
151949699,2.45580559788121
152335372,1.662148585404899
155442829,2.895999286551548
155445200,3.5129251801888723
155635994,1.8501569625705283
166867866,1.996653273989387
167256799,2.239606157260854
167256807,3.209679595015113
32672122,3.452726871759204
34119718,6.962452370549061
34124239,3.5405649466702593
34126002,3.3486756470710812
34127708,4.282045033994495
34129366,5.748393468351006
34129544,2.77212873292605
34130489,8.941406964007133
34130604,3.9317246312969036
34131191,3.3634999030549633
34131278,3.861984012104337
34131807,2.4813357954810646
37648633,1.8444501191767908
45337711,8.462026838122167
45385910,2.2346486495777045
45722930,2.8559180731900065
45728298,2.392927175469263
45730390,2.3702475717031954
47726570,3.985419031039044
69886156,3.426572060642729
69886228,2.4295430509506937
69886510,2.3524493131444686
70332223,2.9479902415918464
70334209,1.8432836548729232
70334219,3.301370616499043
74924599,2.715747368779953
75474779,3.629974053746716
75653667,5.353577224819234
75654673,2.7881982015188647
80005045,2.3203686529505902
81002103,2.0471848806214568
86274695,1.8063804221474808
86274749,5.463455956719836
86274823,2.023081663572412
86275133,2.388030261409171
86275195,1.8902962514758652
91593827,4.187400176534015
91594687,6.773567364499873
91594827,6.245029366458042
91594833,2.390770333286715
91595845,6.016762515699638
91597877,2.934182096695434
91683191,7.9035562387601175
91684663,2.75712795262304
91684979,2.720500086273943
91685475,5.220609053686407
91687083,6.858487989686488
91687843,5.185658266840441
91688409,4.522286449451255
91688455,2.3008947611550634
91688775,2.043907669387482
91690129,3.658598978697265
91690341,5.141463527193511
91691877,2.2991195704374126
91692521,2.8744374642860815
