0E445706-1F3E-47FA-8A83-D38E2C953307,3.181096278739414
105954753,2.981390591311695
120017988,3.289563625115385
120018006,7.165256030212325
120018022,5.574093601408797
120018032,2.9726450813656657
120018049,3.5214476338904364
120018059,3.5552657865245694
120018071,5.366037204929548
120018074,5.389204760400144
120018081,3.582699939253558
120018084,4.806901438351791
120018089,4.492545747668754
120018090,3.8024599622959006
120018094,3.6826008871088995
120018097,4.938754658430164
120018100,2.9205868023335713
120018102,4.553265013607838
120018107,7.092406671242295
120018108,5.747760955243534
120018114,2.9405535315327453
120018124,6.110500440358865
120018126,5.356183136622496
120018129,3.097398135488755
120018132,4.461953439121368
120018133,3.0648852371404356
120018139,3.5650632632395367
120018140,3.2926905739127763
120018146,3.166570215139386
120018211,2.9533687149511616
120018212,7.071582695882213
120018379,3.199991329424484
120018459,3.327752990590479
120019294,3.0545955408086827
120019371,3.1286232994832535
120019513,2.993853852915903
120019636,2.9972161021936294
120019638,2.901035994709105
120019704,3.1209039796308584
120019712,3.5417884489077105
120019749,3.241960174523461
120019849,5.259338374766065
120019850,5.446105707522628
120019854,3.8980381269773816
120020199,3.5104823238891054
120020204,4.603195577326641
120020206,2.9506509212636236
120020208,3.9266393561944173
120020210,5.665156851074198
120020211,3.222196676649246
120020218,6.792046411645091
120020226,6.205812515528649
120020240,2.98504469345527
120020242,3.239420462503172
120020334,3.2134218245426323
120020343,3.0644240010140535
120020354,3.1231406135969415
120020367,4.392172676036835
120020373,3.0635925417575023
120020387,4.846130505015605
120020800,3.436671270484139
120020805,3.665391949790711
120020844,3.4015701965872203
121622699,3.2162476082534974
121623043,2.9295517800385067
121623126,3.572858543555455
121839184,3.2694172201538074
121860894,3.951535491366652
126212479,4.532392346044254
137059882,4.981136979126661
139268769,3.022312032263118
139269431,3.0054289890579353
141288680,2.9940604557843233
143249192,2.9376357702272
143249413,2.8815306088585575
143249470,3.052262445895339
143249640,3.0820827606540453
143249864,3.0352959936196457
143396594,10.390834753325777
143398250,5.155557669394654
143416561,3.0708788645491936
143418891,3.3911048146777847
151949699,3.32517929836553
152335372,3.005213377032205
155445200,3.4836650818489066
155635994,3.0409124933926357
166867866,2.963279416612999
167256799,3.5127805357553323
167256807,3.5193864698051365
32672122,4.440189471343329
34119718,5.794860714186423
34124239,3.5951345813191193
34126002,3.7448316269577973
34127708,4.681733762184364
34129366,5.6663909803891
34129544,3.0308663857296043
34130489,8.375791790431782
34130604,4.377576273861892
34131191,4.013218966715767
34131278,4.515959386698492
34131807,3.2542715083151146
37648633,3.287734024028877
45337711,8.830871824386303
45385910,3.086319811844767
45722930,3.24623458412618
45728298,3.174348923785293
45730390,3.600265395248369
47726570,3.591801077155206
69886156,3.9098171549703427
69886228,3.0480335202969693
69886510,3.2784614751861136
70332223,3.383566431413309
70334209,3.151534771391001
70334219,3.871447546512322
74924599,3.964893416194446
75474779,4.477521253529208
75653667,5.84890258749692
75654673,3.113369252419721
80005045,2.911729104546013
81002103,2.9315174607030228
86274695,2.888479356047068
86274749,4.436164553651476
86274823,2.9018059587407254
86275133,3.0691318075572847
86275195,3.1009254447997474
91593827,4.998007581173209
91594687,5.639242242954361
91594827,6.441069151228001
91594833,3.206201274001744
91595845,6.459551723872931
91597877,3.872301701537829
91683191,7.53965150016295
91684663,4.258679275930557
91684979,3.4076706435557234
91685475,6.171665094790369
91687083,6.027965935696085
91687843,4.778787091439309
91688409,4.561221953621788
91688455,3.0480435999797275
91688775,2.9973349342363047
91690129,3.814301110587341
91690341,5.907632478572033
91691877,2.871056155578774
91692521,3.208544900684604
