0E445706-1F3E-47FA-8A83-D38E2C953307,7.958503184086081
105954753,9.263675822158488
120017988,5.857212323640152
120018006,5.192139326939385
120018022,3.718373551113986
120018032,8.108253737085134
120018049,3.068713027272069
120018059,3.9926015106428685
120018074,1.2761182478741584
120018081,3.2841125731510545
120018084,1.5337976853779132
120018089,2.94098740830545
120018090,4.863520600822679
120018094,5.12957422070507
120018097,2.0003384815801235
120018100,4.278960447577422
120018102,4.258335232903958
120018107,2.254379340277022
120018108,3.7171544242863384
120018114,6.149430715299473
120018124,2.5431221046604287
120018126,2.090308301439303
120018129,4.911850338782519
120018132,2.4087419147618543
120018133,5.114469169123224
120018139,5.049429328485271
120018140,4.5598044374365845
120018146,9.201196253130734
120018211,6.429323923953129
120018212,3.0147058596604097
120018379,6.312406616898081
120018459,4.587015556202869
120019294,9.59854115835432
120019371,8.725546876607476
120019513,10.180897925182272
120019636,6.714902638530314
120019638,6.643313974427339
120019704,7.131580758440113
120019712,5.06261552014828
120019749,7.923309913608932
120019849,2.277297076134117
120019850,3.2267053554698077
120019854,6.267675788892887
120020199,3.449901693466693
120020204,2.507856596274503
120020206,9.4228161336937
120020208,4.777329874439245
120020210,2.814842008919797
120020211,4.021513289287375
120020218,2.0968009798822744
120020226,4.69759021565024
120020240,5.211847427266964
120020242,4.177220766316154
120020334,5.293332137131685
120020343,6.1432632519306996
120020354,7.726551659214906
120020367,3.7048762660729233
120020373,4.912961445685921
120020387,2.6172454155533544
120020800,5.190900612573271
120020805,3.1567929701510136
120020844,5.867440579804298
121622699,7.363347043111481
121623043,6.396374060144088
121623126,4.860012276503111
121839184,9.469124634430587
121860894,3.9992322278674215
126212479,4.895924313183218
137059882,3.4638758314399394
139268769,4.885887838491521
139269431,5.771044287789641
141288680,4.029799040106794
143249192,5.147884473375804
143249413,4.446134219050481
143249470,8.123972292164867
143249640,7.688242185864057
143249864,5.081599396696868
143396594,7.079602918213671
143398250,5.173178987938039
143416561,9.350953435231924
143418891,8.141611199541693
151949699,7.065693397238914
152335372,5.887115737378572
155442829,5.30226384178637
155445200,7.150084587446117
155635994,5.373255588298024
166867866,6.509215149841898
167256799,5.399648778383215
167256807,4.329839588269322
32672122,3.1188933040532167
34119718,5.381697679327208
34124239,4.838415707839809
34126002,3.6264733568186216
34127708,2.431848064295233
34129366,3.8895103232395907
34129544,3.7139775903777927
34130489,6.796610730942247
34130604,2.4768729330619106
34131191,5.849216472201089
34131278,2.7870612642353905
34131807,4.378075248656414
37648633,5.058092778132077
45337711,5.241646670720533
45385910,7.454523729046228
45722930,3.6051300251827265
45728298,4.577088549706788
45730390,6.641230371499158
47726570,2.623641824495067
69886156,3.0287391172033615
69886228,6.135046208935688
69886510,6.402435153655954
70332223,5.824930019642805
70334209,6.584395915518066
70334219,5.244274792327383
74924599,4.7413981735431525
75474779,3.581477871655379
75653667,2.1507288918263394
75654673,10.081488783274862
80005045,5.233758546691787
81002103,4.673644597968629
86274695,5.45393356739686
86274749,5.579301321727735
86274823,4.512577857227805
86275133,7.545509012159732
86275195,5.144109568262501
91593827,3.0398392912780317
91594687,4.425486059423841
91594827,4.111039306514608
91594833,4.348361099907695
91595845,1.8311189327223318
91597877,3.1269936552024484
91683191,4.955029432440749
91684663,4.646449466222401
91684979,3.9216268637691787
91685475,2.002166605142681
91687083,6.279141412870996
91687843,4.289065489954494
91688409,2.1459032293983977
91688455,4.807170287397175
91688775,5.723437476350675
91690129,5.001759608310909
91690341,4.164755160574431
91691877,4.933347546720134
91692521,9.688048254498534
