0E445706-1F3E-47FA-8A83-D38E2C953307,1.6149268380158643
105954753,1.2284774159668317
120017988,2.9028535337623187
120018006,6.012271682767813
120018022,4.338012028104692
120018032,1.9693649316617072
120018049,2.9220055517312207
120018059,3.0520522932927103
120018071,4.396036191941566
120018074,4.531269089481466
120018081,3.0796189950566446
120018084,3.5300688476106425
120018089,3.8785105691647495
120018090,3.4533105410090577
120018094,2.9627257390931416
120018097,3.839913969954652
120018100,2.180893907950764
120018102,2.8038384966348606
120018107,4.635100799639523
120018108,4.53151408735679
120018114,1.915539764676579
120018124,3.1708537987067977
120018126,3.8799268913658387
120018129,2.774145326525461
120018132,3.4467948374375084
120018133,2.427602412141953
120018139,2.689461173437674
120018140,2.395318420668257
120018146,2.172280667308421
120018211,1.9741438058149183
120018212,4.394428185698861
120018379,2.7477626638316335
120018459,2.8982652946846668
120019371,1.221640689313368
120019513,1.2125228765132685
120019636,2.2803026109991413
120019638,1.746906730497669
120019704,2.384553451974648
120019712,2.5345603965505386
120019749,2.106149152043792
120019849,3.708921976394435
120019850,3.7256787966333933
120019854,2.1047584968348514
120020199,2.884792604525199
120020204,3.3908598383770285
120020206,1.8519344611929924
120020208,2.843662923985054
120020210,4.130861436580756
120020211,2.821774023630906
120020218,5.106392233465049
120020226,5.580505648254982
120020240,2.137031282469484
120020242,3.0081805608468795
120020334,2.7115746682864796
120020343,2.304083531334159
120020354,2.2292479132109126
120020367,3.2684362155900057
120020373,2.5418680522521755
120020387,4.35503717788158
120020800,3.4313367268725834
120020805,3.135752235291145
120020844,3.188621289785942
121622699,2.4113787394688884
121623043,2.2769850427228278
121623126,3.013182084704371
121839184,2.1377739201186974
121860894,3.3334909803430204
126212479,3.527350644014522
137059882,4.566771561892201
139268769,2.527019867403498
139269431,2.014831302412994
141288680,2.823277369999209
143249192,2.2597442094226006
143249413,2.349778454796651
143249470,1.5061723343374787
143249640,1.811518273995547
143249864,3.1015111156900272
143396594,7.687493275915177
143398250,4.872977699714737
143416561,1.7243454742870532
143418891,1.6927281794290552
151949699,2.610485497634079
152335372,2.191934394802489
155442829,2.862936064318902
155445200,2.21511785200628
155635994,2.368473032168106
166867866,1.865394064931212
167256799,2.6211760678937015
167256807,2.832543073730218
32672122,2.9379894716189634
34119718,5.320588117633406
34124239,3.4357929887506953
34126002,3.3175819728258795
34127708,3.7397399708869368
34129366,4.508727173577164
34129544,2.697975935671214
34130489,6.6679042589224595
34130604,3.2026837145805436
34131191,3.0323719249620256
34131278,3.1251084698121514
34131807,2.525583079239077
37648633,2.5891553964668366
45337711,5.739437632914307
45385910,2.4231540810467327
45722930,2.587381688287369
45728298,2.724583942258368
45730390,3.065076373002964
47726570,3.0745716726258285
69886156,3.2657009255676352
69886228,1.8227265177387193
69886510,2.722830935737199
70332223,3.3374848514158493
70334209,2.5816264627867387
70334219,3.4257475227259384
74924599,2.9105096369172516
75474779,3.7676196819727927
75653667,4.930764075589659
75654673,1.8286240093501547
80005045,2.2909405275471357
81002103,2.4876083629959074
86274695,1.9394823802557546
86274749,4.246329307026244
86274823,2.5032488547155505
86275133,2.1990911306274343
86275195,2.5637188607730086
91593827,3.6756579771921145
91594687,5.292007442916436
91594827,4.352608109327883
91594833,2.4805661729708475
91595845,4.611736855873068
91597877,2.96595615911594
91683191,5.847378010896152
91684663,3.987796056781374
91684979,2.652238598417308
91685475,4.098508821998227
91687083,5.511763273307974
91687843,4.168218676694592
91688409,4.062217246695841
91688455,3.0479518120847007
91688775,2.657769471676295
91690129,3.6267122579205817
91690341,4.287657191034529
91691877,2.2561543307152823
91692521,2.1012430191265494
