0E445706-1F3E-47FA-8A83-D38E2C953307,4.241083572443162
105954753,3.8878465334469445
120017988,2.942141879879741
120018006,7.449694974836522
120018022,4.921801531773118
120018032,3.419065008908622
120018049,2.5975243765852376
120018059,3.0660269446925588
120018071,4.889826886578273
120018074,4.679330142498496
120018081,2.422291429154789
120018084,3.759765911442486
120018089,3.695299664223167
120018090,2.878860124824974
120018094,2.0636199334367693
120018097,3.8380315667127647
120018100,2.232468293168426
120018102,2.6633097189364063
120018107,5.814990573109944
120018108,4.982512732731753
120018114,2.4728302556609907
120018124,4.899208013195605
120018126,4.080958879644821
120018129,1.8912468001129978
120018132,3.3981459926491233
120018133,2.1822850870737667
120018139,2.198181126650227
120018140,2.2756380451937663
120018146,3.7175427178846707
120018211,2.4965885711343323
120018212,5.781584917737928
120018379,3.001691366661655
120018459,2.4343234971160417
120019294,4.293074395852247
120019371,3.832527162985251
120019513,4.087928501630615
120019636,2.911621066344757
120019638,3.0012038087562054
120019704,3.659259679802248
120019712,2.0303713752434716
120019749,3.2344505984491088
120019849,4.43578412435572
120019850,4.049151312979798
120019854,3.091111667803211
120020199,2.1473337676110864
120020204,3.45862916961706
120020206,4.223641026288096
120020208,2.4080501373612386
120020210,4.361787896360395
120020211,1.7826057859265925
120020218,6.176725552903638
120020226,6.836588440621775
120020240,2.8152893769680234
120020242,2.0993912727630213
120020334,1.8317089389647119
120020343,2.6727769923674103
120020354,3.5395943518959956
120020367,2.9928142425727278
120020373,2.378218567426639
120020387,5.018412195237964
120020800,2.8794672292490513
120020805,2.554436693455801
120020844,2.675500103792744
121622699,2.759234357730302
121623043,2.232486736968362
121623126,1.8287223914862831
121839184,4.0911360456573105
121860894,2.6066812359332796
126212479,3.935343875738744
137059882,4.475792157183295
139268769,1.7541378854436471
139269431,2.6043497696570137
141288680,1.9593981905104543
143249192,2.193460235623287
143249413,2.1632066509000025
143249470,3.8172341082202212
143249640,3.391009992098496
143396594,10.25049723264555
143398250,6.488306986342935
143416561,3.880182033986829
143418891,4.247363389839046
151949699,3.5492167247190007
152335372,2.2274822707826742
155442829,2.812625669834461
155445200,4.330642366180292
155635994,2.2863409491960742
166867866,2.9407095651877473
167256799,2.723058658170803
167256807,2.7358396758956713
32672122,2.482795307377481
34119718,6.930528300723769
34124239,3.1715219409691606
34126002,2.761776303012398
34127708,3.741385618416848
34129366,4.985192993049446
34129544,2.402641873471406
34130489,8.859528809460999
34130604,3.484757174188224
34131191,4.19651910464781
34131278,3.1940920990304775
34131807,2.0331190929423397
37648633,1.8373719551739736
45337711,8.002394083220846
45385910,3.372004132404888
45722930,2.374420730079304
45728298,2.5346547848024477
45730390,2.8168448309518697
47726570,3.1114782857401977
69886156,2.508788576819569
69886228,3.385637780918269
69886510,3.1364982401638235
70332223,3.070982897806695
70334209,2.3601236977186515
70334219,2.955951080071908
74924599,2.1555691270961344
75474779,3.055161813742863
75653667,5.360318552788793
75654673,4.037744042612982
80005045,2.245182713488554
81002103,2.042034531461137
86274695,2.4813254302201444
86274749,5.0577200862074
86274823,2.0248291981347273
86275133,3.5157748891075595
86275195,2.0699209193914627
91593827,3.6711873269151183
91594687,6.399834991398491
91594827,5.671785073933296
91594833,2.0016669643408886
91595845,5.554332749169788
91597877,2.5143720159887546
91683191,7.701346955112015
91684663,2.489381651425058
91684979,2.3306138838743973
91685475,4.35968114511657
91687083,6.5833170960993685
91687843,4.681336607120616
91688409,3.723738576771357
91688455,2.2631106032016093
91688775,2.578309976440606
91690129,3.003864001181268
91690341,4.518223735704278
91691877,2.27198947446497
91692521,4.16604040230883
