0E445706-1F3E-47FA-8A83-D38E2C953307,2.737498136044779
105954753,2.03907843864971
120017988,1.6718477943008383
120018006,4.133156874851488
120018022,4.020545861837687
120018032,1.400640168937489
120018049,2.116471913848864
120018059,1.7291035214255537
120018071,3.084395946235474
120018074,3.1738622173616804
120018081,1.896948295480446
120018084,2.402194186921963
120018089,2.509996456532259
120018090,2.252824825755835
120018094,1.6854172900744293
120018097,2.677407545666723
120018100,1.8310257312532279
120018102,3.0143226892414563
120018107,3.738751019365953
120018108,3.7716302484600033
120018114,1.9208500109992634
120018124,1.993647616108789
120018126,3.07145939707334
120018129,1.4843738911619937
120018132,2.8693041869698512
120018133,1.827171888009519
120018139,1.8834981146448702
120018140,1.6987057421213496
120018146,1.5429187254518226
120018211,1.747866730762668
120018212,4.508444455158576
120018379,1.4407997003380548
120018459,2.0447868358203367
120019294,2.656486240253652
120019371,2.311325201412987
120019513,2.2333864731650093
120019636,1.5783556054813292
120019638,1.9707720012533365
120019712,1.9077572620302503
120019749,1.69566474437747
120019849,3.4093370697974787
120019850,3.377774141483561
120019854,2.4670884978770236
120020199,1.850523238230666
120020204,2.346091498025174
120020206,1.4899277915465439
120020208,2.3666786681935315
120020210,3.102633356239818
120020211,1.8813411893844858
120020218,4.114275274398579
120020226,3.6563268751798983
120020240,1.7093312053133711
120020242,1.5764448924991232
120020334,1.818075253978503
120020343,1.4337133792712764
120020354,1.6327746479095668
120020367,3.163247649192685
120020373,2.0566165236791982
120020387,3.2901900987122246
120020800,2.934973337809816
120020805,1.982564821874644
120020844,1.9445722493537827
121622699,1.8920902033076663
121623043,1.5692664589978018
121623126,1.9185674523658154
121839184,1.579569405609154
121860894,2.253023712015703
126212479,2.3078863862839665
137059882,2.742537174442571
139268769,1.6321300718546543
139269431,1.9637928448488409
141288680,1.882375777244463
143249192,1.8251481086143981
143249413,1.989837872942247
143249470,2.47550509846231
143249640,2.1140090812215937
143249864,2.000579749462641
143396594,6.18400441410388
143398250,2.267215269155491
143416561,2.081908484750826
143418891,2.4447841660982728
151949699,1.7896492094314516
152335372,1.8912603010860682
155442829,2.637315695340391
155445200,3.470691903206303
155635994,2.072623089146329
166867866,2.486002621975589
167256799,1.9386644333556382
167256807,2.193787985357601
32672122,2.172643363690608
34119718,2.435507650244928
34124239,1.6451343667011982
34126002,1.8829246953292496
34127708,2.7697810933124067
34129366,3.5107625108820706
34129544,2.1187816867013907
34130489,5.638031476535373
34130604,2.2425410274834143
34131191,1.9288001777684196
34131278,2.7081001196100503
34131807,1.8561488019251735
37648633,1.5709406627037565
45337711,6.441161590964527
45385910,1.3388139644385282
45722930,1.9276533389139376
45728298,1.9371863943463496
45730390,2.081752956325236
47726570,2.3832253581385228
69886156,2.114228888115807
69886228,2.7053473016096974
69886510,2.4837244838840253
70332223,2.689287802510346
70334209,2.154117750370313
70334219,2.1739813636297876
74924599,2.0085543916524307
75474779,2.655753087986921
75653667,4.435990873918429
75654673,1.5986461662529199
80005045,2.012239909621769
81002103,1.828933367013725
86274695,1.632324870058515
86274749,1.7776079924539407
86274823,1.6450061316262912
86275133,1.5262252846154147
86275195,1.6596982132589175
91593827,3.1526144956557984
91594687,3.1001774130227546
91594827,4.305542400867558
91594833,1.8481066030162334
91595845,3.4669964482283757
91597877,2.39381526839239
91683191,3.8639743711554533
91684663,2.6839571642823676
91684979,2.307089626000925
91685475,3.8537508108702236
91687083,2.5181304422911004
91687843,2.297126677117915
91688409,2.6995044803759014
91688455,1.9148171212283591
91688775,1.475759035190183
91690129,2.241593221854321
91690341,3.3780735483934174
91691877,2.480977242397565
91692521,2.1274985419313155
