0E445706-1F3E-47FA-8A83-D38E2C953307,3.62868055156984
105954753,3.1784568362556076
120017988,2.1726591473737478
120018006,2.5768741809610787
120018022,2.128563989561506
120018032,2.45197623435062
120018049,2.5150854389368362
120018059,2.3560648584037875
120018071,2.240797673114302
120018074,2.30273940385793
120018081,2.5250952654543988
120018084,2.2780561667342463
120018089,2.3482070603902003
120018090,2.063225332670578
120018094,2.0400344927709573
120018097,2.0855093887534633
120018100,2.87086923839872
120018102,2.1604922739904455
120018107,2.388311144424779
120018108,2.204039155414771
120018114,2.708041811728624
120018124,2.375355077296361
120018126,2.157975254785365
120018129,2.186117430571387
120018132,2.635594601048121
120018133,2.776419977865301
120018139,2.2794219351718157
120018140,2.591303146584989
120018146,2.453788445474132
120018211,2.7102893011594853
120018212,2.5242442859619096
120018379,2.2778120386396026
120018459,2.3810963632873987
120019294,4.058139866784602
120019371,3.4509795157787866
120019513,3.5805260258352476
120019636,2.5482235014071835
120019638,3.1023326633770787
120019704,2.4055845021531423
120019712,2.463482884130961
120019749,2.4616086089626172
120019849,2.8955132431403556
120019850,2.8859922974236523
120019854,3.3559122600592093
120020199,2.2715985506866865
120020204,2.4931168075278767
120020206,2.730130076165842
120020208,2.1500205533947123
120020210,2.107426327859232
120020211,2.246724825466378
120020218,2.302776259251778
120020226,2.4442635849829304
120020240,2.607266260697189
120020242,2.2636026432650773
120020334,2.404588872848573
120020343,2.29097741047594
120020354,2.3928371426419406
120020367,1.9210441086113466
120020373,2.8640853530982966
120020387,2.8664093029422717
120020800,2.4584689276670293
120020805,2.5908837544647767
120020844,2.247294149629435
121622699,2.6088952921010042
121623043,2.393497971674536
121623126,2.411119628306515
121839184,2.6486730435198975
121860894,2.455910676501104
126212479,2.6365423211933345
137059882,2.4227047706128806
139268769,2.243032242818677
139269431,3.1022295648645626
141288680,2.582168103084705
143249192,2.830446087024151
143249413,2.899695505282355
143249470,3.582565430497843
143249640,2.996604991478608
143249864,2.405473312207183
143396594,2.695434610565663
143398250,3.021606168731247
143416561,3.141616155651234
143418891,3.8282816396339543
151949699,2.498830173569133
152335372,2.6232334214448163
155442829,3.450477531743126
155445200,4.666584696356714
155635994,2.6622321620738885
166867866,3.0294807489948057
167256799,2.4208404200958435
167256807,2.362276661445861
32672122,2.409408730394091
34119718,2.0825967897728503
34124239,2.165812013248972
34126002,2.4243389166856018
34127708,2.5497642096042723
34129366,2.1511057283584694
34129544,2.8902667143303225
34130489,3.182026802415061
34130604,2.371228441553808
34131191,2.247825083696993
34131278,2.436285829935207
34131807,2.763914024673908
37648633,2.3437852247640825
45337711,2.3247156852766557
45385910,2.354012663568978
45722930,2.6462240829370214
45728298,2.52372106336338
45730390,3.136943385891231
47726570,2.8932724113152166
69886156,2.4674722816110513
69886228,3.772137771066972
69886510,3.2114050754549632
70332223,3.0044643182042647
70334209,2.335841372157097
70334219,2.6739469131394915
74924599,3.731492373994325
75474779,2.5383335130184697
75653667,2.803039027795906
75654673,2.532050958030521
80005045,3.1440275625286684
81002103,2.742737371798362
86274695,2.7855497713891553
86274749,2.2442015660515637
86274823,2.473008901022193
86275133,2.505895291336717
86275195,2.2485411722786326
91593827,2.28765648077619
91594827,1.9495389061722042
91594833,2.657223974296266
91595845,2.49643230551123
91597877,2.397379009135623
91683191,2.212299939580357
91684663,2.7452071135347116
91684979,2.4972306170400045
91685475,2.5557979543885505
91687083,2.012779984181091
91687843,2.1026520140001312
91688409,2.4203551373306533
91688455,2.784742960845842
91688775,2.405211938678133
91690129,2.2275363437580653
91690341,2.332337179180559
91691877,3.3739741916843458
91692521,2.7838940422694773
