0E445706-1F3E-47FA-8A83-D38E2C953307,3.689359384848666
105954753,2.387614197082632
120017988,2.075255723245824
120018006,2.878283819977972
120018022,2.9982297840058445
120018032,2.2477476898929507
120018049,2.7986417710927447
120018059,2.7309193472699635
120018071,2.6080007742462135
120018074,2.714553996928741
120018081,2.748449709775927
120018084,2.4393802547055867
120018089,2.908209894665611
120018090,2.0849061347138287
120018094,2.711564178663173
120018097,2.485978134410035
120018100,2.668976799843629
120018102,2.3769660844696454
120018107,2.93630016874276
120018108,2.4983574480058413
120018114,2.6430729310832817
120018124,2.8012384993589112
120018126,2.771084982521807
120018129,2.193934400952136
120018132,3.0154032902718524
120018133,2.9791326776454836
120018139,2.257081382160824
120018140,2.537834848753177
120018146,2.539038616561081
120018211,2.5900204621755716
120018212,2.527066917647603
120018379,2.1084921479637226
120018459,2.1502186419545177
120019294,2.771975065168941
120019371,2.7302901432295337
120019513,2.5553314439440014
120019636,2.2277202213096756
120019638,2.7475313534798174
120019704,1.86674361823275
120019712,2.836411635496572
120019749,2.2115610944631716
120019849,2.4008022408833134
120019850,2.2069430684197466
120019854,2.404284389182018
120020199,2.853713459810048
120020204,2.861099003147108
120020206,2.289570366748049
120020208,2.5552680271451766
120020210,2.047755482761108
120020211,2.3768275075238687
120020218,2.8194238042997064
120020226,2.7339092071443694
120020240,2.696691661365735
120020242,2.994185479029585
120020334,3.5286129935975525
120020343,2.357896109791798
120020354,2.26972505489049
120020367,2.4258618690010136
120020373,2.9270522893049224
120020387,2.731030585519662
120020800,2.3446949901303498
120020805,3.2021467084333493
120020844,3.268075876141967
121622699,3.143867809414741
121623043,2.6601126925497955
121623126,2.775301395807821
121839184,2.394396228565516
121860894,2.855101301882565
126212479,1.58877376425997
137059882,2.5447992645171316
139268769,2.143928298888799
139269431,2.9757481393592107
141288680,3.09372732764726
143249192,2.6565468622778443
143249413,2.7477250256805794
143249470,3.4848582958154366
143249640,3.3457841902599887
143249864,3.7977071635620914
143398250,0.9484479309267837
143416561,1.4235060876815717
143418891,2.3637860234176626
151949699,3.1546490858963483
152335372,2.970859333002538
155442829,2.79506792593439
155445200,4.631113736294044
155635994,2.8270569967129155
166867866,2.7716007882281697
167256799,2.216739809153964
167256807,2.2144030381155706
32672122,2.6708790739372406
34119718,2.4484549465857484
34124239,2.8937157785412166
34126002,2.133483480955086
34127708,2.88214932544065
34129366,2.311179310584433
34129544,2.537134202114332
34130489,2.8387623100625814
34130604,2.7320247142818674
34131191,2.8413094589710517
34131278,2.845261709261247
34131807,2.3892373607363435
37648633,2.503727929936562
45337711,3.2705240916906226
45385910,2.182904912794358
45722930,3.108312365263115
45728298,2.3576483246596265
45730390,3.1942554435722763
47726570,2.9778394328933606
69886156,2.6082733592425047
69886228,3.439199677224169
69886510,4.70305481361655
70332223,2.5678252191094453
70334209,2.919878112091921
70334219,3.052157748707745
74924599,3.3479793106810756
75474779,2.7662438232140367
75653667,2.4234489378075614
75654673,2.562568654141808
80005045,3.488976660124592
81002103,2.714006820690443
86274695,2.320984523138103
86274749,1.9388231731803658
86274823,2.068890420245546
86275133,2.1344406427477733
86275195,2.1974256581664076
91593827,2.5945251824177724
91594687,2.352288144172813
91594827,2.7220669247728084
91594833,2.860275511306142
91595845,3.69111578703654
91597877,2.718465013205521
91683191,1.9538295204764942
91684663,4.173890297512994
91684979,2.933454440672815
91685475,3.122025784917612
91687083,2.9760044559019043
91687843,2.8295331679200997
91688409,3.4391442138718102
91688455,3.6516860403727014
91688775,2.7620506669120872
91690129,3.1017647196836577
91690341,3.3581398503560824
91691877,2.8645987200529355
91692521,3.2687975431070955
