0E445706-1F3E-47FA-8A83-D38E2C953307,4.823548595874332
105954753,5.372726996126931
120017988,3.3135804435005345
120018006,7.438868674157725
120018022,4.568297771335224
120018032,4.6751092928109514
120018049,2.6425547073788613
120018059,3.478556697037404
120018071,4.321010642058455
120018074,4.273351256971214
120018081,2.716322380662009
120018084,3.549550827998017
120018089,3.855887226796963
120018090,4.516376111235614
120018094,3.25974421250506
120018097,3.5776528662198412
120018100,2.8435263480977584
120018102,2.9355023864889405
120018107,4.918423806289186
120018108,5.234688965731871
120018114,3.4599255002193616
120018124,3.1947353430911973
120018126,3.5564047345164034
120018129,3.0621579058721395
120018132,3.1369078855741623
120018133,3.0136100303597906
120018139,2.852107332012427
120018140,2.7373082711269836
120018146,5.432488366327002
120018211,3.5327934258356586
120018212,5.059635205248868
120018379,4.576482241325905
120018459,3.184099567708574
120019294,5.740635782194554
120019371,5.188623075165103
120019513,5.927828455499576
120019636,3.5007032944161334
120019638,3.996727090728279
120019704,4.6708501654958585
120019712,3.101820179279528
120019749,4.587690013781814
120019849,3.7054149957415135
120019850,3.645235996119065
120019854,3.742287765225812
120020199,2.7006034441704725
120020204,2.873239346180514
120020206,5.807209128371808
120020208,3.3736059000648515
120020210,4.233649052802858
120020211,3.295304111309254
120020218,5.3297168164282285
120020226,6.789895081878019
120020240,3.146047652068352
120020242,2.8352633509296252
120020334,3.1201359182109627
120020343,3.6386099963674283
120020354,4.235171611821008
120020367,3.9247240227801705
120020373,3.413022884662174
120020387,4.898793979295493
120020800,3.4711330775178437
120020805,2.6181386380025633
120020844,4.192217779283284
121622699,4.916870031894639
121623043,3.365827970835242
121623126,2.9069229876983034
121839184,5.6755524181208274
121860894,3.1199191174646463
126212479,4.478780026965065
137059882,4.943810759051621
139268769,2.751059238944555
139269431,3.4747957595810695
141288680,2.891953354165427
143249192,2.9663345410734703
143249413,2.607857176201667
143249470,4.942747559828609
143249640,4.351481728184368
143249864,2.8151483869758276
143396594,9.881684065338748
143398250,6.549643501852995
143416561,5.411453448362259
143418891,4.954614249272552
151949699,4.787363015423331
152335372,3.196258127467113
155442829,4.063042511891767
155445200,4.514332775614088
155635994,3.293350132811519
166867866,3.7912823669226707
167256807,2.6578894977289527
32672122,2.7902406963690956
34119718,6.943810230735811
34124239,4.6087062310117926
34126002,3.6936710549906344
34127708,3.1735310343317096
34129366,5.485935796344847
34129544,2.9161697972135907
34130489,8.846761724091092
34130604,2.9155486170538154
34131191,5.1708565175613765
34131278,2.8178394512471447
34131807,2.781932222735051
37648633,2.6068228902253043
45337711,7.617410387757301
45385910,4.483267368541497
45722930,2.7929603473177274
45728298,2.87246879283314
45730390,3.791011627454697
47726570,3.0933335876380954
69886156,3.292340913054467
69886228,3.7618065254795114
69886510,4.2521450868315815
70332223,4.97749747436763
70334209,3.917732973336936
70334219,5.023854835743717
74924599,2.906345968904197
75474779,3.5917036761059165
75653667,5.026956893228807
75654673,6.047661412451335
80005045,2.9661776826149566
81002103,2.802251444375444
86274695,3.4243518639807187
86274749,5.796985817475792
86274823,3.2237134077758642
86275133,4.629045080351215
86275195,2.939152093825503
91593827,3.70716960650788
91594687,6.5221352363022085
91594827,5.638808948456943
91594833,2.517620515389589
91595845,4.521591598230001
91597877,2.822175789658053
91683191,7.1841858003610195
91684663,3.23990129790041
91684979,2.478005097217875
91685475,3.9123512803947675
91687083,7.467377402410534
91687843,5.3313628941807645
91688409,3.902595156990072
91688455,3.2454293675350283
91688775,3.935950475332484
91690129,4.631755761441546
91690341,5.164649383379904
91691877,3.1666995679087133
91692521,5.783025941200691
