0E445706-1F3E-47FA-8A83-D38E2C953307,3.190206698922497
105954753,3.8395807652004326
120017988,3.295352011177703
120018006,10.178658101861846
120018022,7.323935296193111
120018032,3.0225431555923032
120018049,4.484958176581165
120018059,5.078704697995021
120018071,6.751336494779412
120018074,6.615715978222867
120018081,4.535283874575072
120018084,6.032005049888441
120018089,6.443262205168777
120018090,7.403242859216714
120018094,4.126604206515861
120018097,6.066990018945609
120018100,3.5662667726079986
120018102,3.2386852268352118
120018107,7.37529954466828
120018108,8.128392197932392
120018114,2.5180662104673512
120018124,5.527963850596508
120018126,5.977399854814671
120018129,4.316280144185272
120018132,5.19229536415796
120018133,3.165191544023896
120018139,3.1008376447636112
120018140,3.3019489176862398
120018146,3.403659340256041
120018211,2.4008396558963065
120018212,7.471235383281582
120018379,5.708752727935477
120018459,4.899797723293537
120019294,4.07923440498223
120019371,3.4419538785567743
120019513,4.199619083076576
120019636,2.6864804403714877
120019638,2.40609899303699
120019704,3.9606195422338346
120019712,2.4962582761192875
120019749,2.9384034815803206
120019849,5.645202071453926
120019850,4.893917136527144
120020199,4.109570322260507
120020204,4.961269373186973
120020206,4.0837984625425365
120020208,4.066850383099819
120020210,6.787431719872101
120020211,5.308072181703729
120020218,7.692735434682479
120020226,9.953056669898215
120020240,2.9430537047775434
120020242,3.9020343927075154
120020334,2.7205685611329695
120020343,2.7433900366067467
120020354,2.7157843744770545
120020367,6.165724181069923
120020373,4.391113374290876
120020387,7.725232784240526
120020800,4.551472322058352
120020805,4.431459216573199
120020844,5.220722292107567
121622699,3.921814111536019
121623043,2.4277373921525176
121623126,2.9817407359163863
121839184,3.9251821750856286
121860894,4.87513470814469
126212479,6.204897436474339
137059882,7.589831824795172
139268769,3.2460558248899565
139269431,3.1346973211742406
141288680,4.003678295211056
143249192,3.174664936278681
143249413,3.87594780811497
143249470,3.0808425979595846
143249640,2.5719894249756927
143249864,3.228704493317491
143396594,12.0321342911685
143398250,9.94107862966879
143416561,3.7356206496302433
143418891,3.4767182607326874
151949699,4.639083213370042
152335372,2.6110573268151795
155442829,4.35892287166513
155445200,3.5596977361742463
155635994,3.366798432656397
166867866,2.646375371212894
167256799,4.119694673280627
167256807,4.747576286106276
32672122,4.52365022482028
34119718,10.554761720904288
34124239,7.323320680663386
34126002,6.21808376674492
34127708,5.13351759708494
34129366,8.634313840791163
34129544,4.631412256343146
34130489,11.623108560880345
34130604,5.096019301074564
34131191,6.343669508708044
34131278,4.477965572403293
34131807,3.614094968782066
37648633,3.0383418321318314
45337711,9.698850197163457
45385910,3.0592817072955967
45722930,4.449670669931358
45728298,4.128951820283899
45730390,2.525385260155345
47726570,5.290607113181049
69886156,5.9317810408212654
69886228,2.919663335594978
69886510,3.2528262154190672
70332223,7.041623393419843
70334209,3.1941030424694117
70334219,6.688719602804708
74924599,3.724994068413658
75474779,5.91430940944833
75653667,6.70906219205767
75654673,4.225263441985659
80005045,2.8456934417792903
81002103,3.4445954659649476
86274695,2.7145132045217095
86274749,9.099207889472313
86274823,4.306420172208489
86275133,3.138234806416588
86275195,3.1951226109464645
91593827,5.921601190567402
91594687,9.743556570192297
91594827,8.50992991224235
91594833,3.449802792698281
91595845,7.072266404147112
91597877,4.5465725690224374
91683191,10.389834377471557
91684663,3.5692603357052897
91684979,3.6000583674754423
91685475,5.743302178771383
91687083,11.291004957152815
91687843,8.753190735183065
91688409,6.666611227252897
91688455,3.952255021719143
91688775,4.84311562823573
91690129,7.217894279188506
91690341,8.139721198506672
91691877,3.5889421482244073
91692521,3.9371326283748376
