0E445706-1F3E-47FA-8A83-D38E2C953307,2.140764543594007
105954753,1.7426505924601856
120017988,3.5822402417476438
120018006,6.2448857810575245
120018022,4.887915546218756
120018032,2.835963841840311
120018049,3.3487861061832382
120018059,3.042430919583994
120018071,4.802636289421783
120018074,4.929710706251901
120018081,3.4171196804631307
120018084,3.467591977935977
120018089,4.237699542996253
120018090,3.5759101773774806
120018094,3.5940823103187363
120018097,4.082044691157849
120018100,2.486787116605247
120018102,3.2813626048998104
120018107,4.9184552349533135
120018108,4.542550838802283
120018114,2.4314979613242
120018124,3.49644025397905
120018126,4.027832949893942
120018129,3.1465779856835505
120018132,3.567377995368051
120018133,2.9598780034442
120018139,3.059475639891802
120018140,2.654660958072317
120018146,3.1170356950712663
120018211,2.6019669881060206
120018212,4.5330106836991675
120018379,3.2650444986902016
120018459,2.8745774953723284
120019294,1.668262238026358
120019371,1.724778275147072
120019513,1.8285157742905809
120019636,2.9498981297664613
120019638,1.9916623592494827
120019704,2.871360286234506
120019712,3.0297901646560064
120019749,2.7058558050968493
120019849,3.951634448841576
120019850,3.9486859850128897
120019854,2.6029211797286167
120020199,3.3038128918613787
120020204,3.800130495525593
120020206,2.482656350992644
120020208,3.381811066697328
120020210,4.36008689309367
120020211,3.0974293595679447
120020218,5.421826483403843
120020226,6.28186076546957
120020240,2.8349739096516196
120020242,3.456830625412361
120020334,3.5622713931196857
120020343,2.8482381645093118
120020354,2.872859783747984
120020367,3.4610933141796285
120020373,2.7709490201133136
120020387,5.787413546583112
120020800,3.656519322645588
120020805,3.5513061472118745
120020844,3.944322727218626
121622699,3.2553814929245775
121623043,2.959578380519587
121623126,3.2485307037458933
121839184,2.936620854760789
121860894,3.4613547931001154
126212479,3.380050408501392
137059882,4.552052486582978
139268769,2.960737100031156
139269431,2.33311731098027
141288680,3.0475907502453725
143249192,2.525366194115307
143249413,2.881862782413742
143249470,2.0313584600158117
143249640,2.2580594235472686
143249864,3.775142460766479
143396594,8.314670574422362
143398250,5.342133068208349
143416561,2.153772788628118
151949699,3.81515739406111
152335372,2.6453602272473598
155442829,3.2956888913131457
155445200,2.851883375631744
155635994,2.462307143042017
166867866,2.2086351883179165
167256799,3.4004712518409805
167256807,3.281099617501358
32672122,3.1672469440860245
34119718,5.623577046565875
34124239,3.4617322935358787
34126002,3.5065945742888984
34127708,3.990569234997431
34129366,4.63129868413527
34129544,2.8317826631078225
34130489,7.290309558511078
34130604,3.7259084397639466
34131191,3.9764104773605657
34131278,3.35229039621933
34131807,2.7686611608676497
37648633,3.121747774853609
45337711,6.324653550117646
45385910,3.172985056340788
45722930,2.8650955538619223
45728298,3.323330790040447
45730390,3.0106968949717623
47726570,3.471692599477907
69886156,3.677686140803992
69886228,2.1001231919343644
69886510,3.750055152987586
70332223,3.798304424244319
70334209,3.2009764698866636
70334219,3.640085220822018
74924599,2.9715813488873293
75474779,3.4543173701508287
75653667,5.261942274189407
75654673,2.777761550270471
80005045,2.774265162515095
81002103,2.928933898167255
86274695,2.4479706689002816
86274749,3.8816195244001412
86274823,2.6152306527364098
86275133,2.8278572235703323
86275195,3.0272798108251218
91593827,3.977814866823473
91594687,5.25639989647563
91594827,4.522671532629379
91594833,3.013119947946908
91595845,4.419703619543998
91597877,3.208170430935497
91683191,6.358299459213064
91684663,3.988904560669271
91684979,3.5606285536340905
91685475,4.536052004478372
91687083,5.393430313807085
91687843,4.199255609482743
91688409,4.544002083323395
91688455,3.2426538422703257
91688775,2.9936326559728776
91690129,3.7709925814987164
91690341,4.476397426465296
91691877,2.5583181127497108
91692521,2.9929345989709115
