0E445706-1F3E-47FA-8A83-D38E2C953307,1.9520153771045616
105954753,3.7498637315925842
120017988,5.2238068208791235
120018006,11.99708720872796
120018022,9.468578248938762
120018032,2.6996837456778504
120018049,5.526661056550821
120018059,7.029162497734976
120018071,7.656316045788297
120018074,7.21562187656527
120018081,5.4797111769405955
120018084,7.078199338971236
120018089,8.724971736216645
120018090,10.134265782084919
120018094,7.597530446491516
120018097,7.578788959524815
120018100,4.491378628469295
120018102,4.781972396742996
120018107,9.053211833363683
120018108,10.285805224581097
120018114,3.09619315442733
120018124,7.348400436983741
120018126,7.521877535742388
120018129,6.856258418381897
120018132,6.1468322933829125
120018133,3.835009603797674
120018139,4.019392156854146
120018140,4.7197636742162565
120018146,3.5262197877764514
120018211,2.625625502188703
120018212,9.341009154503725
120018379,8.925248905227848
120018459,6.513321876662571
120019294,3.963937062070597
120019371,2.5144512856207615
120019513,4.349707967111202
120019636,3.364228440398235
120019638,2.359893150871933
120019704,6.129084075821533
120019712,4.5444420896475215
120019749,2.951427191418086
120019849,6.819822261261912
120019850,6.75192403270274
120019854,2.9825165990069578
120020199,5.247637200038565
120020204,5.999017986437826
120020206,3.831593262462851
120020208,6.4697582805470715
120020210,9.021192274692915
120020211,7.194304332660553
120020218,9.046804796514907
120020226,11.658532886763545
120020240,4.474975867132381
120020242,6.04364754178327
120020334,4.518734288704756
120020343,4.357942354367941
120020354,2.5480582434807544
120020367,8.743223010075292
120020373,5.895037475910942
120020387,8.885632724949058
120020800,5.885295075035568
120020805,5.875329414749005
120020844,7.434991084414906
121622699,3.7963084520037826
121623043,2.6869328995513078
121623126,4.601288809159241
121839184,3.7208306470836066
121860894,6.384718735735627
126212479,8.824540162449981
137059882,9.615517333652003
139268769,4.623976180523474
139269431,3.6170418791269014
141288680,4.431417462370988
143249192,3.9931693589491783
143249413,4.912081901668217
143249640,1.6857924685934569
143249864,4.231700324412026
143396594,14.024676002949501
143398250,11.784229749622105
143416561,4.034923081899479
143418891,3.1688415101723733
151949699,7.175417188959396
152335372,2.9897669849635045
155442829,5.883289991149155
155445200,3.00442734467958
155635994,3.5769061077270177
166867866,2.880490381198252
167256799,3.9224384277145585
167256807,4.986595322990967
32672122,6.790911796968467
34119718,12.250367993420861
34124239,9.634656874951967
34126002,8.188550492623063
34127708,6.002140814600198
34129366,10.754630363315416
34129544,5.381472675348601
34130489,13.774843229305606
34130604,6.348598193980544
34131191,9.408777508089912
34131278,5.50369253301947
34131807,5.688322300599518
37648633,4.194790216050369
45337711,11.6768154911679
45385910,4.488059946981137
45722930,5.277962065186946
45728298,4.7027983157430056
45730390,3.323343344669211
47726570,6.163219203082494
69886156,7.938847524127617
69886228,3.25810249091849
69886510,3.577064361662635
70332223,8.966422755317366
70334209,5.110967899438228
70334219,9.178232553700733
74924599,4.624225346513782
75474779,8.23910616549559
75653667,7.426477282913003
75654673,3.863345842769576
80005045,3.159042807212484
81002103,4.080843264509925
86274695,3.7810494070508924
86274749,11.860087458741964
86274823,6.3040897476563975
86275133,4.4697173379746165
86275195,4.182447933922829
91593827,8.427940613586111
91594687,11.349778407789344
91594827,10.653415074697831
91594833,4.171760649575179
91595845,8.154312807611333
91597877,6.620381514902719
91683191,12.04573425148983
91684663,5.465018496909737
91684979,4.407099193965338
91685475,6.994689399634283
91687083,13.291575579198755
91687843,10.857331506117417
91688409,8.225954603074493
91688455,4.697588484424208
91688775,7.385969728611982
91690129,9.937313135698371
91690341,10.62793456449868
91691877,4.722594941670007
91692521,3.586093973199863
