0E445706-1F3E-47FA-8A83-D38E2C953307,2.7191100987281747
105954753,2.6932695852379998
120017988,3.375505964359879
120018006,8.044426950041505
120018022,5.408364942558885
120018032,2.387971534599097
120018049,2.7481690923597446
120018059,2.600273077459832
120018071,5.803403583183792
120018074,5.865680332586508
120018081,3.235693715995781
120018084,4.275938287666702
120018089,4.508881865166132
120018090,3.4334434625901116
120018094,2.9698700436949257
120018097,4.729139910704337
120018100,1.8234565144218184
120018102,3.631183989299775
120018107,6.966917897662337
120018108,5.82974604480414
120018114,1.7976947519880604
120018124,4.860761221422255
120018126,5.072654029881976
120018129,2.470307592177058
120018132,3.9321303319080005
120018133,1.7551927911094047
120018139,2.890135297091619
120018140,2.0189308676671165
120018146,3.138959575372236
120018211,1.650536713068429
120018212,6.869307010888429
120018379,3.242656245915214
120018459,2.733628453722098
120019294,3.1795379873242497
120019371,2.4803012633323105
120019513,2.9378265564584187
120019636,2.527687502203653
120019638,2.1127493058735527
120019704,3.1621115501185395
120019712,2.325185456488739
120019749,2.67711676212177
120019849,4.70581063335755
120019850,4.547112067768351
120019854,2.9034258467602707
120020199,2.6327957668624133
120020204,4.207055013566069
120020206,2.7530319690688
120020208,3.2841538250261473
120020210,5.44436854329597
120020211,2.4994017957963592
120020218,6.744064221293218
120020226,7.359447857844425
120020240,1.7914862888482008
120020242,2.2652568932924178
120020334,2.34235292464257
120020343,2.2009580136673574
120020354,2.453583100499813
120020367,3.9744065206976704
120020387,5.115967269693774
120020800,3.475553137868898
120020805,2.977886547253128
120020844,3.270032907736654
121622699,2.371826874451452
121623043,2.0238104841469213
121623126,2.425402559127246
121839184,3.082926075655856
121860894,2.795521232572957
126212479,4.43826966617889
137059882,5.321516153120075
139268769,2.4708876464388094
139269431,1.8138356190382239
141288680,2.075453598377402
143249192,1.7120508880404146
143249413,1.8955457345687015
143249470,2.6580214949579144
143249640,2.314635150512941
143249864,2.2273446606322267
143396594,11.094548988622945
143398250,6.608589810197855
143416561,3.1527673536360292
143418891,3.6035154018354723
151949699,3.2963513423951483
152335372,1.7738785732733557
155442829,3.558720174738958
155445200,3.058550446485445
155635994,1.6695240278490233
166867866,2.1541625893736773
167256799,2.9699145638110704
167256807,3.69217221406262
32672122,3.434971035929524
34119718,6.555514951908568
34124239,3.334023555027295
34126002,3.385743647956967
34127708,4.364291338050257
34129366,5.8421981341975515
34129544,2.308539831258774
34130489,9.387408553104848
34130604,3.9514643137271537
34131191,2.9822055813364567
34131278,3.9012277648058538
34131807,2.4134822281693107
37648633,2.136576658746667
45337711,9.206392218239369
45385910,2.9908421016646756
45722930,2.217543466614396
45728298,2.596702463317092
45730390,2.126860027631638
47726570,3.475324184037786
69886156,3.297924379391637
69886228,2.3248092921096806
69886510,2.1035676392809086
70332223,3.1783613466504907
70334209,2.219269879722592
70334219,3.3819857161920828
74924599,3.0959977275384185
75474779,3.412486987968674
75653667,5.793582424134764
75654673,2.951225078723836
80005045,1.8659003026080487
81002103,1.8000840560512417
86274695,1.9631947827688743
86274749,4.812726105948328
86274823,2.205047858547004
86275133,2.9317979163680596
86275195,2.4923943479816804
91593827,4.588829832096135
91594687,6.6259977689308025
91594827,6.463072475668283
91594833,2.2427283519793684
91595845,5.937522836349716
91597877,3.1491947409187664
91683191,8.084240755713601
91684663,3.1965952675796028
91684979,3.0493516675231462
91685475,5.674358354547155
91687083,6.696733108124105
91687843,4.720195596552598
91688409,4.6116305537474025
91688455,1.1658141647021678
91688775,2.5740757896029742
91690129,3.8051003636508463
91690341,5.525085994452877
91691877,1.6940464823849295
91692521,2.8639086523924697
