0E445706-1F3E-47FA-8A83-D38E2C953307,3.842750602066029
105954753,4.782527742558385
120017988,3.6375524311693157
120018006,9.24556960229644
120018022,6.441885699181495
120018032,4.225847032447197
120018049,2.9919533254212847
120018059,4.314193253944238
120018071,4.749674161432422
120018074,4.60550598596892
120018081,2.931753731863266
120018084,4.118844995707115
120018089,5.069526273623185
120018090,7.314643611043127
120018094,5.446472714317793
120018097,4.664055755400847
120018100,2.3303353983898543
120018102,3.0134928470449256
120018107,5.873817376473586
120018108,7.147762218941644
120018114,2.641209919339248
120018124,5.150916186470758
120018126,4.890630743440549
120018129,4.5067677571207625
120018132,3.5321563781329903
120018133,2.426645962959481
120018139,2.9077731410618504
120018140,2.7021082445819915
120018146,4.193439273324994
120018211,3.0386118710252172
120018212,6.305248934299612
120018379,6.0719231254615345
120018459,3.9923343184719307
120019294,4.328513250865444
120019371,4.044667503948422
120019513,4.846470918860694
120019636,3.303199754516093
120019638,2.717902691973052
120019704,4.498308540207898
120019712,2.646599300591696
120019749,3.3596897286717247
120019849,4.257958072476738
120019850,4.23106957636097
120019854,3.210344901234624
120020199,2.9529251860360395
120020204,3.4771993522692366
120020206,4.704356143665716
120020208,4.0220863335934744
120020210,5.963005956090302
120020211,4.389335134421235
120020218,5.913427061574876
120020226,8.475033908487573
120020240,3.1499569577910047
120020242,3.288305066900379
120020334,2.795325790728562
120020343,3.1513777440588204
120020354,3.9555747715146445
120020367,5.825274419447592
120020373,3.2159405864860995
120020387,5.804252964481625
120020800,4.0213758414347724
120020805,3.432624140530814
120020844,5.66180928024985
121622699,3.2879562977699384
121623043,3.072031069865065
121623126,2.8478312261698493
121839184,4.173144806133777
121860894,3.980448183968954
126212479,6.301913372642305
137059882,6.82229800699871
139268769,2.8804351878307832
139269431,2.195336387587896
141288680,2.2862754681574944
143249192,2.3201259447794467
143249413,2.6314324009709975
143249470,3.750791255677722
143249640,3.42403714184135
143249864,2.423313431694207
143396594,10.50046568003615
143398250,8.734271715616496
143416561,4.518056294805547
143418891,3.76024883226903
151949699,5.031528222369343
152335372,2.4411183649025894
155442829,3.7301150676097024
155445200,3.3334968592166394
155635994,2.5522639146120967
166867866,2.6822698718872156
167256799,3.7480337121119454
167256807,3.706695474268181
32672122,3.933043219886496
34119718,9.166111316897346
34124239,7.302888970548698
34126002,5.041488355410376
34127708,3.5577033418301673
34129366,7.4510196698735065
34129544,2.9377275508140817
34130489,10.49637950469222
34130604,3.5111235994937378
34131191,6.216178363925891
34131278,3.250673257139572
34131807,3.4502377809014653
37648633,2.5979107657071028
45337711,8.060355081729982
45385910,3.771729648439984
45722930,2.7901997131172687
45728298,2.769089395731143
45730390,3.2550125154836786
47726570,3.263952679615985
69886156,4.773237313855741
69886228,2.2764066033400607
70332223,5.731128881199332
70334209,3.5588980427959145
70334219,6.062810973218404
74924599,2.8730147500764223
75474779,5.564855081444622
75653667,4.914785945290486
75654673,4.9716752509505
80005045,2.642528740503441
81002103,2.319237728640275
86274695,2.4770940406035797
86274749,8.67536979087509
86274823,3.8237066419966785
86275133,3.3858572004805136
86275195,2.8262493470997416
91593827,5.416077184749011
91594687,8.521240842772448
91594827,7.607103642876259
91594833,2.343769522506172
91595845,5.534634896333588
91597877,3.796873289526207
91683191,9.040224486485112
91684663,3.4766568457909326
91684979,2.5797587958730115
91685475,4.023574482371958
91687083,10.027042003897423
91687843,7.536793709409669
91688409,4.934425602947765
91688455,2.2637530271759365
91688775,5.334374490354509
91690129,7.240033657641805
91690341,7.487606814061769
91691877,2.480409258708488
91692521,4.620978949274683
