0E445706-1F3E-47FA-8A83-D38E2C953307,2.985748774655622
105954753,2.6088287432157133
120017988,2.56032604225825
120018006,5.961727428057611
120018022,2.921592765567107
120018032,2.440545576568932
120018049,1.427352322148122
120018059,1.9537270733023901
120018071,2.831066580199785
120018074,2.9427477721043522
120018081,1.4332862102870179
120018084,1.8162605276128552
120018089,1.701467461212541
120018090,2.095622926344215
120018094,1.9378877496557905
120018097,2.0651338773422694
120018100,1.916394520664607
120018102,1.9548105036202865
120018107,3.7074878328438996
120018108,3.6710541281278157
120018114,2.1971842529425616
120018124,4.40402483749223
120018126,2.9502956738340576
120018129,2.016583250708744
120018132,1.7668643687745391
120018133,1.8708989175812047
120018139,1.6333374487856656
120018140,1.7425436889903785
120018146,2.5037115104215255
120018211,2.1279510671371473
120018212,3.7470268881249917
120018379,2.3822583536092945
120018459,2.3546781464929283
120019294,2.88184262819974
120019371,2.562495165738033
120019513,2.655262395540337
120019636,2.291494856739171
120019638,2.5130257061749144
120019704,2.5700998821654646
120019712,1.572276217973724
120019749,2.281417788763818
120019849,2.6180268182529134
120019850,2.918193808139461
120019854,2.451608787991645
120020199,1.3878187796308437
120020204,1.7153681867217687
120020206,2.5087725665878593
120020208,1.8902060437714903
120020210,2.5894154606663906
120020211,1.7989344709151112
120020218,3.9932605836102137
120020226,4.23167743815003
120020240,2.2548386564680034
120020242,1.742457261638895
120020334,1.771259814446748
120020343,2.35793106867927
120020354,2.4685624250223155
120020367,2.2238859960599586
120020373,1.977356478085526
120020387,2.395661940338103
120020800,2.5322869769307825
120020805,1.529408058516632
120020844,2.394581411462002
121622699,2.2927183286900283
121623043,2.182442738945985
121623126,1.8602683782031173
121839184,2.5444971771982585
121860894,2.256433278028207
126212479,2.8165943379367255
137059882,3.4978968928646768
139268769,1.677835995152504
139269431,2.3586942335577534
141288680,1.8181133903633888
143249192,2.1439599078251064
143249413,1.8220574391074187
143249470,2.897953908240086
143249640,2.584913392496864
143249864,1.787584327346543
143396594,7.908522036040713
143398250,4.181349731993808
143416561,2.6449804346910377
143418891,3.4555836787984306
151949699,2.578711809992462
152335372,2.1611959266208993
155442829,2.8693244567557334
155445200,3.607260806162445
155635994,2.1614426381050382
166867866,2.6136505182578897
167256799,2.121640994962495
167256807,2.0709391973246487
32672122,1.6084209722595908
34119718,4.324723159622602
34124239,2.420918448052201
34126002,2.116883552467953
34127708,1.9517483841462202
34129366,3.1108641794020198
34129544,1.7752824587615903
34130489,6.315526798973628
34130604,1.637508911698617
34131191,2.697108142904284
34131278,1.9390824935161324
34131807,1.8064870846726724
37648633,1.6836678509092398
45337711,5.789865214160651
45385910,2.5179238583297074
45722930,1.6410004291095657
45728298,2.183573260164019
45730390,2.773800589990186
47726570,1.7731685305105211
69886228,2.7509272633673847
69886510,2.249942183662591
70332223,2.6767326754267677
70334209,2.1216476393546353
70334219,2.0860385267156745
74924599,2.3298104914213864
75474779,2.3799479946618223
75653667,3.663141164437417
75654673,2.5240035916692842
80005045,2.00588820698049
81002103,1.64888375607309
86274695,2.167887636834357
86274749,2.919793491238588
86274823,1.709002075593034
86275133,2.3588606869589097
86275195,2.052039851688795
91593827,2.320300284751026
91594687,4.472932002549154
91594827,3.97026500778101
91594833,1.8247900265857848
91595845,4.271732143217724
91597877,1.499481385413728
91683191,5.0071585206634435
91684663,2.443588725761584
91684979,1.5352117967244245
91685475,2.5508637045388536
91687083,4.239414925881424
91687843,2.2585621017250426
91688409,1.9420282458482656
91688455,2.2710199013967594
91688775,2.2683153475441116
91690129,2.495688491994573
91690341,3.079351293691792
91691877,1.952827097942153
91692521,2.7245310478854448
