0E445706-1F3E-47FA-8A83-D38E2C953307,6.661898066085051
105954753,7.674201800823506
120017988,4.409916732107853
120018006,6.435975126272973
120018022,3.4182733307209197
120018032,6.744890553654472
120018049,1.5687439469204443
120018059,2.8128572660690514
120018071,2.357804334517452
120018074,2.244716319109622
120018081,1.700943209832673
120018084,1.7578629461782287
120018089,2.179025473169241
120018090,4.238865417721829
120018094,3.6201344018219963
120018097,1.8407699003162359
120018100,2.627004446051209
120018102,3.2653726502181595
120018107,3.41198102321168
120018108,4.336719349101664
120018114,4.625111306572481
120018124,1.6142717655049674
120018126,1.9538980397225127
120018129,3.1780009747078406
120018132,1.4270195892595152
120018133,3.4286016699113486
120018139,3.6403484634324252
120018140,3.191206996253811
120018146,7.528376219465873
120018211,4.718273778108465
120018212,3.7610247093386104
120018379,4.8759007642083745
120018459,3.315701373520868
120019294,7.91646079582342
120019371,7.184268534472153
120019513,8.267538392440901
120019636,5.174562383746257
120019638,5.064362294735844
120019704,5.935751088213621
120019712,3.8439571699960777
120019749,6.698820821302271
120019849,2.02442684015373
120019850,2.8879120398172398
120019854,4.931325276921628
120020199,1.8037646552217055
120020204,1.3529740734919098
120020206,7.90278793039945
120020208,3.8449188148892475
120020210,3.079273431361697
120020211,2.898259555428156
120020218,3.422563813024541
120020226,6.146746009717347
120020240,3.932835118253222
120020242,2.7210943853298777
120020334,4.203337271506571
120020343,4.735719605906465
120020354,6.234139257026656
120020367,3.2039869648339887
120020373,3.3596858069007567
120020387,3.4168920132124034
120020800,3.8908541996343904
120020805,1.8190281235266017
120020844,4.7285144893436595
121622699,5.448653242332511
121623043,4.717789452137355
121623126,3.585073612704801
121839184,8.00470212839354
121860894,2.7175469767381975
126212479,4.494246111050939
137059882,4.0091183447826895
139268769,3.3549815965984116
139269431,4.093147627284712
141288680,2.5718927745455984
143249192,3.426015299327567
143249413,2.791561627407359
143249470,6.641384959030377
143249640,5.986285653850269
143249864,3.485753923845821
143396594,8.37185368486196
143398250,6.25670147111726
143416561,7.596047037296142
143418891,6.809209420476696
151949699,5.617891716331789
152335372,4.236335830359938
155442829,4.081535375538469
155445200,5.891416916319404
155635994,3.7094743215088357
166867866,4.817449394716805
167256799,3.811678681599791
167256807,3.6797026803509834
32672122,1.9187451496495889
34119718,6.610467126202788
34124239,4.466301803780695
34126002,3.053965558862097
34127708,1.6539825437858071
34129366,4.430327709023635
34129544,2.169488424142463
34130489,7.987754928742876
34131191,5.012898611124453
34131278,1.8814665202210936
34131807,3.0331181067518083
37648633,3.5948676775861816
45337711,6.142307817679226
45385910,6.222585074850918
45722930,2.000136037671843
45728298,3.2248078022446403
45730390,4.955667255753592
47726570,1.5998393811900498
69886156,2.1346757360898128
69886228,4.71176729034083
69886510,5.199145855341578
70332223,4.794165661736724
70334209,5.11830880094237
70334219,4.733422395896587
74924599,3.5439635810631556
75474779,2.918986017764728
75653667,2.5824861066516154
75654673,8.312141524827213
80005045,3.712220890327026
81002103,3.1108695970722864
86274695,3.8496505975693953
86274749,5.678710783451196
86274823,3.246999828089694
86275133,6.382688715788904
86275195,3.5365655145413464
91593827,2.4457668218679194
91594687,5.790320485824229
91594827,4.893546741226171
91594833,2.7183371021604694
91595845,2.872273244183431
91597877,1.8094167428299037
91683191,6.632307775787781
91684663,3.6347055799420795
91684979,2.6043575850736773
91685475,2.4460911129635203
91687083,7.50331516437663
91687843,4.835647507008843
91688409,2.352614132095597
91688455,3.065996033069536
91688775,4.1079895537403015
91690129,4.450330282750321
91690341,4.398824803299033
91691877,3.3328950478861294
91692521,8.158592777730565
