0E445706-1F3E-47FA-8A83-D38E2C953307,4.788133513248029
105954753,4.987309110995752
120017988,3.253329695574751
120018006,8.040516054834633
120018022,4.911013113307932
120018032,4.245652448065919
120018049,2.2912369224134275
120018059,2.9886187309939882
120018071,4.234301060561196
120018074,4.273718080946892
120018081,2.112103805291716
120018084,3.41881774855522
120018089,3.69703259173819
120018090,5.258489099488656
120018094,3.095507034974052
120018097,3.4899051219208803
120018100,1.9636652642580523
120018102,2.290297485479346
120018107,5.126593023923988
120018108,5.861105354749221
120018114,2.7792237082523874
120018124,3.701203046583204
120018126,3.4520022236548935
120018129,3.0175369922484663
120018132,2.6723376790626983
120018133,1.7152692264760812
120018139,1.9217335492583278
120018140,1.6373806679190765
120018146,5.139602985230126
120018211,2.7853942114522297
120018212,5.305194044141219
120018379,4.934856004552115
120018459,3.3051520113626465
120019294,5.445519691489736
120019371,4.6810845494264814
120019513,5.624981855657609
120019636,3.27572655294375
120019638,2.973655733785401
120019704,4.630601079251671
120019712,1.9329652009193954
120019749,4.366584204387953
120019849,3.7467838394350466
120019850,3.356663584945054
120019854,3.3384650640712725
120020199,1.9885241561392004
120020204,2.5664471552565233
120020206,5.625647706011774
120020208,3.0791878630107328
120020210,4.684528575283695
120020211,3.3849159217330804
120020218,5.136333756662185
120020226,7.735001419075014
120020240,2.702408955984459
120020242,1.7100806527972408
120020334,1.8671253757713593
120020343,2.733773253899898
120020354,4.331885954076391
120020367,4.209724850998282
120020373,2.749898613731396
120020387,5.095205109800712
120020800,3.416851386616492
120020805,2.4164952757996048
120020844,4.623319868404298
121622699,4.455269399211126
121623043,2.995213322318582
121623126,2.319949502321099
121839184,5.581202685017196
121860894,3.159409626811116
126212479,5.363070153127241
137059882,5.627392866139919
139268769,2.5128611418021953
139269431,2.9815572884414583
141288680,2.336875004333212
143249192,2.5079702864221667
143249413,2.143063985861519
143249470,4.374836747711652
143249640,4.039796299733753
143249864,2.176304935106202
143396594,9.86127896871054
143398250,7.836919951322764
143416561,5.23068363343443
143418891,4.844573840399868
151949699,4.663332143126724
152335372,2.579524456858149
155442829,3.7112824335093735
155445200,4.340369077225134
155635994,2.716228779743951
166867866,3.2601954995849884
167256799,3.2504240671682108
167256807,2.803071466602631
32672122,2.328041955202736
34119718,8.11357125918299
34124239,5.619520440345812
34126002,4.262588856870841
34127708,2.677384924981601
34129366,6.050372244155892
34129544,2.6308782880792885
34130489,9.600532115628727
34130604,2.8495685896258927
34131191,4.987240887272104
34131278,2.182930537406282
34131807,2.4019913546974587
37648633,2.3918084809632227
45337711,7.567090678290739
45385910,4.357720705394664
45722930,2.233800323518552
45728298,2.851690626302137
45730390,3.287773080627241
47726570,2.826401290221023
69886156,3.384405409909849
69886228,3.2502374361856377
69886510,3.9387684580784383
70332223,5.0352136388294095
70334209,3.2196893160535365
70334219,5.096698165699951
74924599,2.610900558343183
75474779,3.9831757425110847
75653667,4.161345815132525
75654673,5.765018336529647
80005045,2.42092817029065
81002103,2.0839759055770255
86274695,2.577400284666636
86274749,7.3570400381235475
86274823,2.5711531389724547
86275133,4.616013954501743
86275195,2.7504340804523593
91593827,3.4699356612047447
91594687,7.455841964850968
91594827,6.397199473501967
91594833,1.6984942678159325
91595845,4.647667639960566
91597877,1.8991033161792554
91683191,8.240657919885715
91684663,2.539050617616226
91685475,3.4859066907722664
91687083,8.956937102944977
91687843,6.417571954589463
91688409,3.9207275950274445
91688455,2.2823103800025133
91688775,3.9973910474818015
91690129,5.583430970315261
91690341,5.756397440530364
91691877,2.8859180864969542
91692521,5.8260848814666195
