0E445706-1F3E-47FA-8A83-D38E2C953307,5.873563585599238
105954753,5.720882954572587
120017988,4.495411450122595
120018006,4.807425262623462
120018022,2.526557347695539
120018032,5.609901938842491
120018049,2.416053064351993
120018059,3.5467024632603055
120018071,1.9804699747760415
120018074,1.9643896253638806
120018081,2.522301329521473
120018084,1.778493551257558
120018089,1.7318242853081134
120018090,2.6720729708947437
120018094,3.4372547458368823
120018100,3.597378888269468
120018102,2.6805650572841824
120018107,3.0086306128198417
120018108,2.7341736992422527
120018114,4.739752257632728
120018124,2.357917290741298
120018126,1.7246863392494103
120018129,3.9222974897744614
120018132,1.832161831545481
120018133,3.8162760843519687
120018139,3.001741616189834
120018140,3.5707870596137994
120018146,6.053874752195591
120018211,4.549174093786444
120018212,2.9825992113159963
120018379,5.08501445444207
120018459,3.861477134869644
120019294,6.031430521598356
120019371,5.6672039631929065
120019513,6.12707855914545
120019636,4.847787678703966
120019638,5.2309615881028115
120019704,5.777583198848021
120019712,3.598312553940485
120019749,5.743498813340748
120019849,2.2112528936607205
120019850,2.7707995542986823
120019854,4.601744344674887
120020199,2.5640642541996104
120020204,1.7120358754487588
120020206,6.093289750206832
120020208,3.1858515693428275
120020210,2.152581079339145
120020211,3.2469430854283283
120020218,2.909715499235538
120020226,4.188204970545204
120020240,4.460806370614132
120020242,3.383757115991143
120020334,3.859913507830559
120020343,4.698023626056096
120020354,5.638708286182109
120020367,2.5617579097134864
120020373,4.501714043824777
120020387,2.8919998696148803
120020800,4.242437416283753
120020805,2.508779059214337
120020844,4.822557522144686
121622699,5.11484189558147
121623043,4.651563671878259
121623126,3.634972044677427
121839184,6.386290208796579
121860894,3.5045283988883242
126212479,3.9957544828791725
137059882,3.0164872875985873
139268769,3.604806536905809
139269431,5.143182433654311
141288680,3.523804988544728
143249192,4.337728237142629
143249413,3.7525171274132103
143249470,6.01634517348279
143249640,5.724818178298799
143249864,3.839056878777168
143396594,7.453416668371266
143398250,4.548158727177321
143416561,5.749567762229806
143418891,5.675763160726835
151949699,5.923334380269923
152335372,4.630245854652156
155442829,4.622786526667696
155445200,5.894498066383688
155635994,4.570140617589738
166867866,5.158964891470316
167256799,3.6706754651500315
167256807,3.2731326814155617
32672122,2.150424324318978
34119718,4.417688096411377
34124239,3.604596078337563
34126002,3.0553463109429466
34127708,1.6482748948545345
34129366,2.416068477267044
34129544,3.2278888465377498
34130489,6.142143639606165
34130604,1.7937941579909749
34131191,5.292184007101915
34131278,1.8171988780022754
34131807,3.31340351989205
37648633,3.5869713121261824
45337711,5.239553124874961
45385910,5.646585239497196
45722930,3.1394019522876415
45728298,3.9562768787419844
45730390,4.7987503800389275
47726570,2.4834123581926644
69886156,2.226029233551769
69886228,5.436162676841696
69886510,5.450500668044005
70332223,4.857467467547157
70334209,5.082156861402861
70334219,3.951923359911217
74924599,3.929742381943204
75474779,2.7127971637951354
75653667,2.449219881530268
75654673,6.362398499223417
80005045,3.794001389650298
81002103,3.772306620205561
86274695,4.508261624622309
86274749,3.904129839931727
86274823,3.8173310712913744
86275133,5.789301205015092
86275195,3.8517752953183644
91593827,1.783401238230785
91594687,4.054106406605548
91594827,3.160989391847754
91594833,3.173686271032447
91595845,2.7942068248398844
91597877,2.170352562809532
91683191,4.887319087407819
91684663,3.4394155709695737
91684979,2.571658160319106
91685475,2.20993957278873
91687083,4.269861007409295
91687843,2.6707793293911517
91688409,2.0439657142411587
91688455,4.296645348374017
91688775,5.001659334140298
91690129,3.303236443578164
91690341,2.020194961080378
91691877,4.440916850878178
91692521,6.440005542909622
