0E445706-1F3E-47FA-8A83-D38E2C953307,2.935023855980665
105954753,1.9062142756368616
120017988,3.0281132758215867
120018006,7.328831363672176
120018022,5.711931731078202
120018032,2.2561053065995775
120018049,4.259232574337373
120018059,3.6041728353301714
120018071,5.950462420175083
120018074,5.83941953525526
120018081,3.8957795430874214
120018084,4.989358989950294
120018089,5.25795066782375
120018090,4.151887877448562
120018094,3.191819144243347
120018097,4.935149997406151
120018100,3.368816612046944
120018102,3.363188581472236
120018107,6.170329740311024
120018108,5.631069935800473
120018114,2.566666149318303
120018124,4.63483425054804
120018126,4.937728641915938
120018129,3.049420904855289
120018132,4.621318118569472
120018133,3.2105225506016066
120018139,2.99860723672875
120018140,3.1935574088479854
120018146,2.3769935028062674
120018211,2.7778312672299355
120018212,5.6552773108215355
120018379,2.8992943099096626
120018459,3.4901475881554576
120019294,1.8674892638707823
120019371,2.152648833509786
120019513,1.9508540559853766
120019636,2.7587699718050835
120019638,2.3073992075016343
120019704,2.2163681826051818
120019712,2.959675812376078
120019749,2.298325222930098
120019849,5.00762784602002
120019850,4.451884744130359
120019854,2.8234184753049374
120020199,3.9523682419246087
120020204,4.65161809679505
120020206,2.244603010736312
120020208,3.050200690397958
120020210,4.956658135052927
120020211,3.5213183583320253
120020218,6.551378617041067
120020226,7.212631714485078
120020240,3.038046107957766
120020242,3.5591412634301274
120020334,3.3819627496738356
120020343,2.705365076670791
120020354,2.337365000142885
120020367,4.093978712343176
120020373,3.5832713140730155
120020387,7.140602410464139
120020800,4.625880309878929
120020805,4.047924359238424
120020844,3.442460505028372
121622699,3.150468342989268
121623043,2.9593815547910878
121623126,3.1919080521221885
121839184,2.340485985961738
121860894,4.239522517048348
126212479,3.237005524168745
137059882,5.434269833041826
139268769,2.8937461055990403
139269431,3.1345060100036903
141288680,4.15237195872409
143249192,3.120405205463783
143249413,3.359272040915736
143249470,2.8902731106693773
143249640,2.865474940168279
143249864,3.6644635104048984
143396594,9.900317790923118
143398250,6.44126797162662
143418891,1.7547167338393714
151949699,3.5784610968241397
152335372,2.8767420325997017
155442829,3.3569710925316265
155445200,3.281231011602317
155635994,2.9356763197337057
166867866,2.6368001510509234
167256799,3.539932077720634
167256807,4.447410019596935
32672122,3.954915537410636
34119718,6.839910597380287
34124239,4.032996737793929
34126002,3.909234242683435
34127708,4.872802461420207
34129366,5.791586869172365
34129544,3.957831590045239
34130489,8.808818125045986
34130604,4.388728823929445
34131191,4.164633301903526
34131278,4.226018087270529
34131807,2.8799452244259776
37648633,3.4500659559056612
45337711,7.616682105427948
45385910,2.4687578235656873
45722930,3.9766183127540256
45728298,4.330832695760929
45730390,3.2916346553232385
47726570,4.734169876107374
69886156,4.533914821623685
69886228,2.839070227130239
69886510,4.009551378833532
70332223,4.957266817223586
70334209,2.934636104792895
70334219,3.8382261383665632
74924599,3.456826731093816
75474779,3.822676916468444
75653667,6.7763976577505165
75654673,2.4220690619896468
80005045,3.557043948052959
81002103,3.1422696838549236
86274695,2.5728917599011796
86274749,4.615184593283408
86274823,2.92461915445296
86275133,2.074106094803695
86275195,3.0180342414599206
91593827,4.609274566044899
91594687,6.5803694322650585
91594827,5.626350799110658
91594833,3.517423031486731
91595845,5.756936818101963
91597877,4.029373510736961
91683191,7.4648881283041595
91684663,3.8606570756929415
91684979,4.432653176063339
91685475,5.6869446895967775
91687083,6.6383574785659025
91687843,5.182072433251823
91688409,5.595508168960182
91688455,3.8608794233785075
91688775,3.117949260065255
91690129,3.9881368305551597
91690341,5.4006113614503795
91691877,3.23961464215922
91692521,2.848599885927183
