0E445706-1F3E-47FA-8A83-D38E2C953307,4.772875017458257
105954753,6.3849079746449355
120017988,5.117810393931785
120018006,11.656698567304469
120018022,9.160471522785032
120018032,4.897559881210044
120018049,5.16455002581043
120018059,6.457064690906144
120018071,7.395482200499623
120018074,7.405128378452454
120018081,5.3025617516523
120018084,6.472652036009399
120018089,8.23114263544237
120018090,9.28647754765225
120018094,6.2177611606467
120018097,7.079218930424663
120018100,4.134851015116143
120018102,4.030237914437991
120018107,8.306204912386306
120018108,9.628743473328173
120018114,3.5702365651763794
120018124,6.351341646142328
120018126,7.008334073067317
120018129,6.053122618124067
120018132,5.585030102098094
120018133,3.7327468145955334
120018139,4.277661918161764
120018140,4.225081976402332
120018146,5.102836392957507
120018211,3.5380795335928417
120018212,8.635941431958878
120018379,7.949935229776175
120018459,6.0235507323634225
120019294,6.06793940184374
120019371,5.600956886755823
120019513,6.675781617777499
120019636,4.148486954098174
120019638,3.509781541023166
120019704,6.028900251600178
120019712,3.8523520189444285
120019749,4.73801188402211
120019849,6.580520808453458
120019850,5.646031131967087
120019854,2.5199617095514513
120020199,4.695516042481087
120020204,5.599774326006636
120020206,6.212153659880997
120020208,6.1302696429310215
120020210,8.196011612092141
120020211,6.476008830464688
120020218,8.720957641331937
120020226,11.200943088652089
120020240,4.54221159691895
120020242,5.3457328639554635
120020334,4.1207014664404475
120020343,4.605866620029746
120020354,4.293553375823543
120020367,7.684544963581944
120020373,5.65218830968055
120020387,8.06158300433615
120020800,5.604495731819621
120020805,5.020705542739039
120020844,6.821983949986589
121622699,5.169336716209636
121623043,3.527009017838875
121623126,4.244869502027497
121839184,5.498761890906236
121860894,5.7816517337563855
126212479,7.7350837410553845
137059882,9.080462281382758
139268769,4.227102999584065
139269431,3.8895516998023663
141288680,4.295706535648153
143249192,3.830649208902666
143249413,4.574967356601913
143249470,4.699292105835067
143249640,3.933558361836163
143249864,4.035328565706148
143396594,13.766187018282583
143398250,11.322121683688202
143416561,5.879126439656722
143418891,4.651869230872036
151949699,7.048333607781625
152335372,3.2714188066394523
155442829,5.616992127224729
155445200,4.574154529118134
155635994,3.693255507444287
166867866,3.441861006988784
167256799,5.213137066848161
167256807,4.972620786417651
32672122,5.7740239721115945
34119718,11.870690591720514
34124239,8.820722278809631
34126002,7.406896277573154
34127708,5.581314885006842
34129366,10.355178997048782
34129544,5.400182424869307
34130489,12.986779773154979
34130604,5.960653572370421
34131191,8.070019224113056
34131278,4.878514501276184
34131807,5.045949650139651
37648633,3.822716331290817
45337711,11.411109106689182
45385910,4.801086943500218
45722930,4.973766719176951
45728298,4.851333340404042
47726570,5.692713179655464
69886156,7.12730373837846
69886228,3.6719865638573066
69886510,4.308577857012604
70332223,8.867932358025142
70334209,5.175907882282921
70334219,8.546128441659725
74924599,4.1674932807062195
75474779,7.09121392925547
75653667,7.395249744342896
75654673,6.159904830067821
80005045,3.4463016512543727
81002103,3.9575060545572933
86274695,3.6420041679045054
86274749,10.633152037457172
86274823,5.859044256231604
86275133,4.866911920258109
86275195,3.8423634290121216
91593827,7.618564652863782
91594687,10.587673537143303
91594827,9.744241791766841
91594833,4.127857792195514
91595845,7.552297915394684
91597877,5.83392618880365
91683191,11.586320971397415
91684663,4.477915983528745
91684979,4.3234822716315975
91685475,6.178582068344254
91687083,12.823973908393853
91687843,10.102085268005839
91688409,7.4780194891753755
91688455,4.458563191901408
91688775,6.292014273507332
91690129,8.989511906905115
91690341,10.031354681068922
91691877,4.250302534427163
91692521,5.9519267855085864
