0E445706-1F3E-47FA-8A83-D38E2C953307,2.5009725453892577
105954753,1.9523654882824033
120017988,1.85223926443212
120018006,4.978737521493908
120018022,4.0233802894868544
120018032,1.388282862945116
120018049,1.4521315134561883
120018059,1.442783276234166
120018071,2.8545289572630703
120018074,3.1624424819154764
120018081,1.3855354924662433
120018084,2.1676457388578423
120018089,2.057477820086841
120018090,1.9672944284096514
120018094,1.4533680306066314
120018097,2.5686510632146544
120018100,1.5691658541700535
120018102,2.4361139827096343
120018107,4.028711526686807
120018108,3.8650279428664893
120018114,1.5587163843904546
120018124,1.862481835625469
120018126,2.7682231213647217
120018132,2.0226957485514725
120018133,1.461345500210768
120018139,1.5199461495614592
120018140,1.3793764063970808
120018146,1.6306954669196307
120018211,1.5180559162038625
120018212,5.265239846925142
120018379,1.6330515876265401
120018459,1.5626130161155747
120019294,2.6835491455296636
120019371,2.1843698749464933
120019513,2.232301720263669
120019636,1.4512428696710749
120019638,1.8714085245309342
120019704,1.6520467279663782
120019712,1.383543987256748
120019749,1.5424344830318035
120019849,2.9664869551266153
120019850,3.384241413252187
120019854,2.5507398677440007
120020199,1.323948413676326
120020204,2.0540779137392935
120020206,1.6587583132211798
120020208,2.1056185678248602
120020210,2.978654732137641
120020211,1.4139250911362589
120020218,4.170132874403928
120020226,3.9692283108856947
120020240,1.5104515950736397
120020242,1.2508409402488936
120020334,1.47498539820463
120020343,1.4101665798757346
120020354,1.4635905601259134
120020367,3.1123153964210264
120020373,1.851117157081761
120020387,2.9067769402690975
120020800,2.3638378396203295
120020805,1.5994920171090514
120020844,1.733846813687324
121622699,1.7158113441790592
121623043,1.4572078751849808
121623126,1.5136063014470247
121839184,1.644200138748326
121860894,2.0016102942489047
126212479,2.8353775103481076
137059882,2.9930965806825194
139268769,1.309240683830196
139269431,1.9472708629457234
141288680,1.6015335046339658
143249192,1.7235684713404107
143249413,1.5841289353591792
143249470,2.387306205155245
143249640,1.8724089925299938
143249864,1.5938363802785844
143396594,7.819274682658358
143398250,2.522702420269267
143416561,2.0688752378135367
143418891,2.7693231550464392
151949699,1.7532745937955148
152335372,1.5445223096599103
155442829,3.117914987905652
155445200,3.2136389505216587
155635994,1.661544592363733
166867866,1.809875583284177
167256799,1.6200476423266894
167256807,2.078206398387961
32672122,1.8676547438984055
34119718,2.9535903440286475
34124239,1.679722080421146
34126002,1.9845999785201458
34127708,2.3005391739961327
34129366,3.6666000009695274
34129544,1.5283217646466467
34130489,6.729340546671349
34130604,1.6419709920746468
34131191,2.599149432651712
34131278,2.4193668255341634
34131807,1.7099464316042308
37648633,1.27892381364206
45337711,7.9076166034648585
45385910,1.507370197390547
45722930,1.6365312661415803
45728298,1.8057349036375887
45730390,2.5202249649066357
47726570,1.755315442435418
69886156,1.6314188834580583
69886228,2.314018676387696
69886510,2.066975203859599
70332223,2.6646161855421235
70334209,1.7838597135049625
70334219,1.998645534144984
74924599,2.4016624769189647
75474779,2.0443552863666716
75653667,4.4149384018263085
75654673,1.6154754815242993
80005045,1.8567977076300852
81002103,1.612369197073014
86274695,1.6987940823683287
86274749,2.1264371193642297
86274823,1.538670703258343
86275133,1.480172366755225
86275195,1.466179211983125
91593827,3.0872090899901243
91594687,3.4401952026749334
91594827,4.849411143544262
91594833,1.4504009073450033
91595845,3.561691137218688
91597877,1.7411606179935404
91683191,4.462225704086121
91684663,2.314923805886973
91684979,1.7223285587444084
91685475,3.718815169082086
91687083,2.590173329796689
91687843,2.1945090400829983
91688409,2.2415171700136773
91688455,1.7693405080329094
91688775,1.416348174718659
91690129,2.0222078811449222
91690341,3.58405070720699
91691877,1.842344534672218
91692521,1.8982582010334437
