0E445706-1F3E-47FA-8A83-D38E2C953307,3.8981998366258033
105954753,5.567153044396966
120017988,2.579187655908924
120018006,9.146572501921032
120018022,6.586712352259019
120018032,4.525753780897203
120018049,3.0603042833580645
120018059,3.069621633870475
120018071,6.018143601677944
120018074,6.077084344684117
120018081,2.9349559596858916
120018084,4.765527999240157
120018089,5.417056850396319
120018090,6.261372937897442
120018094,2.8525249748758803
120018097,4.754186926622179
120018100,1.9172144105530406
120018102,2.9665054552406884
120018107,6.70507625195719
120018108,7.0765240322937935
120018114,2.3874487261575625
120018124,4.031263763114483
120018126,4.938549558349355
120018129,2.706958338672522
120018132,4.0947955298807255
120018133,2.128597517544568
120018139,2.660582976695562
120018140,2.104872772526951
120018146,5.39158875219312
120018211,2.6584728829424553
120018212,6.584065363976195
120018379,4.527547707055237
120018459,3.2107856756944324
120019294,6.045863291225973
120019371,5.019991739328914
120019513,6.400059003402814
120019636,3.075368925339827
120019638,2.539001978264604
120019704,3.855132359816115
120019712,2.7106625450773456
120019749,3.8714483918279177
120019849,4.679907695376934
120019850,4.150666909485588
120019854,3.4505879941304824
120020199,3.0022138783159624
120020204,3.8705253801512045
120020206,5.92122008600335
120020208,3.6651624169428083
120020210,5.586401456967223
120020211,4.007814701137411
120020218,7.1011875846125125
120020226,8.944402104329049
120020240,1.965301039553253
120020242,2.217348226294161
120020334,2.777450357456889
120020343,2.3011887890498715
120020354,4.035585929596675
120020367,5.045644803407828
120020373,3.243424582366016
120020387,6.8778764634906855
120020800,3.794141209426198
120020805,2.931332488900341
120020844,3.7614200426011335
121622699,4.2987353050670025
121623043,2.4657915248995255
121623126,2.1902023460002416
121839184,6.040697134524503
121860894,3.63301686868932
126212479,4.603020337891387
137059882,6.153960965077471
139268769,2.1253384298348257
139269431,1.7286378586054492
141288680,2.4974996264667175
143249192,1.828445693801441
143249413,2.1139509408641888
143249470,4.298521454755397
143249640,3.314334046371307
143249864,2.147416596632581
143396594,11.711404515713015
143398250,8.85169444370544
143416561,5.864908868001799
143418891,4.76392129083566
151949699,4.252232235794222
152335372,1.8082429447580226
155442829,3.6270045131207937
155445200,4.129068197237253
155635994,1.8349774206484097
166867866,2.180338548978576
167256799,2.8377370014919467
167256807,4.137317491081918
32672122,3.433065707504591
34119718,9.617544905354931
34124239,5.475210963112761
34126002,4.857309721743428
34127708,4.280011225503044
34129366,7.579697080716477
34129544,2.9841382596366968
34130489,10.772933574384053
34130604,3.8382458827683545
34131191,5.831558422913334
34131278,3.582748936310067
34131807,2.393125621558462
37648633,2.258420609332534
45337711,9.398493900952626
45385910,3.9537749142147507
45722930,2.7718707406556846
45728298,3.5566715016277386
45730390,3.3350845731437193
47726570,4.065683624956082
69886156,4.483972766318533
69886228,2.049959020793685
69886510,2.7424834397461737
70332223,6.077772446533003
70334209,3.0218526153887413
70334219,5.379800132353979
74924599,2.018937719160003
75474779,4.314326598589795
75653667,6.197252881445662
75654673,6.759219956329978
80005045,2.205592502715522
81002103,1.9313975704646624
86274749,7.347590750198149
86274823,2.8265996102682514
86275133,4.089371581996239
86275195,2.0795165635929975
91593827,5.011258038536866
91594687,8.736322925000806
91594827,7.838450384436719
91594833,2.3267339537773126
91595845,6.112114985828128
91597877,3.3014520273157113
91683191,9.417525566708177
91684663,2.7023867998771705
91684979,2.964183975103686
91685475,5.253260431467548
91687083,10.065542673330661
91687843,7.415191981300863
91688409,5.786902582332655
91688455,2.0033059271022635
91688775,2.813532521877784
91690129,5.554252609905768
91690341,7.131469269410637
91691877,2.046632442903855
91692521,4.92378822881982
