0E445706-1F3E-47FA-8A83-D38E2C953307,3.2513539106825435
105954753,3.982300662940373
120017988,2.9823980768803118
120018006,10.692810819842348
120018022,7.260144796596355
120018032,2.8865711786120616
120018049,3.9752121342025837
120018059,4.699776661214284
120018071,6.600283881168737
120018074,6.567386127549001
120018081,3.9790883146885405
120018084,5.67997183734758
120018089,6.249616282630373
120018090,7.4999097268743435
120018094,3.7872825631316833
120018097,5.78438343322851
120018100,2.8047736279799897
120018102,2.8174277112126194
120018107,7.422567536524639
120018108,8.29662518258458
120018114,1.6865004216827668
120018124,5.147516981634972
120018126,5.602113794319369
120018129,3.8495637564620417
120018132,4.687503008336699
120018133,2.143556286874713
120018139,2.2668615867280075
120018140,2.4670329755928613
120018146,3.7811327687780603
120018212,7.60238167239798
120018379,5.70893745403579
120018459,4.314206962504357
120019294,4.365813478430784
120019371,3.401849460173402
120019513,4.5253085699934665
120019636,2.0311321818200985
120019638,1.8585976109797488
120019704,4.207573884976879
120019712,1.831015404089374
120019749,2.9528715651820256
120019849,5.592266868257331
120019850,5.005186634346705
120019854,2.779542474825372
120020199,3.59285460819303
120020204,4.501797869567036
120020206,4.218367474094951
120020208,4.105165696175139
120020210,6.786195731165811
120020211,4.898685621964124
120020218,7.738920699961083
120020226,10.225713157928574
120020240,2.4014845886522265
120020242,2.8199861960937755
120020334,1.8068649088940385
120020343,2.041416294923551
120020354,2.835630715594933
120020367,6.089827755816367
120020373,3.8632249648375323
120020387,7.323659166164652
120020800,3.9339785298454775
120020805,3.831135232505238
120020844,5.171700498019553
121622699,3.6664039451719495
121623043,1.7142836658802543
121623126,2.4366415074497287
121839184,4.198425036949058
121860894,4.288806728567591
126212479,6.325143291817184
137059882,7.740576628909326
139268769,2.671268361745333
139269431,2.402067774720427
141288680,3.113399530064795
143249192,2.413007011802697
143249413,3.0711798549602425
143249470,3.0920760360397432
143249640,2.2634922929660566
143249864,2.307310834771119
143396594,12.621106571536277
143398250,10.083141626198616
143416561,4.044227141648815
143418891,3.6465790697441354
151949699,4.826996270863011
152335372,1.6359243586503343
155442829,4.271599729900404
155445200,3.401711139915515
155635994,2.3766710227351253
166867866,2.048658977672858
167256799,3.4238373390079206
167256807,4.17613038900208
32672122,4.063521439073929
34119718,10.697972644182235
34124239,7.330251020028686
34126002,6.019374523466521
34127708,4.736874472876957
34129366,8.801947721343629
34129544,4.0612889791533044
34130489,12.049675672160141
34130604,4.737841876372163
34131191,6.433549118190533
34131278,4.129878940126586
34131807,3.0831196230301563
37648633,2.2320492776193928
45337711,10.079836884568717
45385910,3.0740268610674018
45722930,3.7970856524669996
45728298,3.711863089317743
45730390,2.6861872522339256
47726570,4.795479763171008
69886156,5.561370881837352
69886228,2.5430022427960712
69886510,2.8646779919639282
70332223,6.940533218987489
70334209,2.5684025278571827
70334219,6.701038581163642
74924599,3.066890084469846
75474779,5.805459556197063
75653667,6.520089436344217
75654673,4.552842240138017
80005045,1.9289085480289538
81002103,2.4783443164328345
86274695,2.2455429824360125
86274749,9.150643717651302
86274823,3.846656854368691
86275133,3.250310017127236
86275195,2.291562594172619
91593827,5.860950959187457
91594687,9.924487908197694
91594827,8.706404883389975
91594833,2.661910269916021
91595845,6.908733051013026
91597877,4.103586664800693
91683191,10.60083074348003
91684663,2.8268487657409307
91684979,2.825518466721901
91685475,5.6283396338264975
91687083,11.604753460142666
91687843,8.71685074352455
91688409,6.372482910379962
91688455,3.116738778146067
91688775,4.351209206276699
91690129,7.24692325217119
91690341,8.210321188869077
91691877,3.032759951050251
91692521,4.323634003892717
