0E445706-1F3E-47FA-8A83-D38E2C953307,4.207978277733076
105954753,6.560051236585391
120017988,3.7577264195271223
120018006,8.940009497083334
120018022,7.434876433155614
120018032,3.79174449639285
120018049,3.0146335848015884
120018059,4.389768204452608
120018071,5.029170114319817
120018074,4.862721396717269
120018081,3.448741608337556
120018084,4.249451429778812
120018089,6.407195531651534
120018090,7.361283448717366
120018094,5.533135558636413
120018097,4.716506613788073
120018100,1.9715176160176218
120018102,2.839979262385107
120018107,6.517792079462713
120018108,7.411510012174159
120018114,2.171554574127004
120018124,4.866582301049853
120018126,5.089191545143315
120018129,4.163613212303595
120018132,3.7158101502813947
120018133,2.0625825795848014
120018139,2.466381062340902
120018140,2.6430471694801128
120018146,5.208781899432102
120018211,3.1801886135409974
120018212,6.861203940716872
120018379,6.6838778684096045
120018459,4.185400981701854
120019294,6.29981983493531
120019371,4.887281597467559
120019513,7.8039178064244155
120019636,2.677580531278891
120019638,2.7701784853616016
120019704,4.309238235818514
120019712,2.8752639696711992
120019749,3.202050315415156
120019849,4.480420876818062
120019850,4.58780844887902
120019854,2.9205248315909187
120020199,2.747774855658875
120020204,3.734256573843409
120020206,5.852604828445019
120020208,4.31034985033754
120020210,6.36008560176786
120020211,4.405514054547838
120020218,6.4835788066946005
120020226,8.365474998409479
120020240,2.3782204742824478
120020242,4.2106491946253515
120020334,2.9669345460882286
120020343,3.4333512561679984
120020354,3.294665005361453
120020367,6.081194328426608
120020373,3.9600963486866743
120020387,5.981516785884021
120020800,3.869531911843845
120020805,3.5739185700375393
120020844,4.654762406326499
121622699,3.564184902635987
121623043,2.58391364057503
121623126,3.051082768466048
121839184,4.864449466752643
121860894,3.8600093427127016
126212479,5.776749953656788
137059882,6.628834327945253
139268769,2.8892491268241414
141288680,1.7392299853716215
143249192,1.422643493876582
143249413,2.216900752485009
143249470,3.5405631685021577
143249640,3.8877268179580193
143249864,2.474475473782587
143396594,11.281490682458257
143398250,8.41394015037056
143416561,6.715699079912021
143418891,3.943104229589765
151949699,5.426072381773784
152335372,1.9905378449410576
155442829,3.4750792329534126
155445200,2.9152564121387354
155635994,1.7271549756862714
166867866,2.086391438080538
167256799,3.0943114263980407
167256807,3.3490110551841887
32672122,4.723267258524231
34119718,8.964201380177101
34124239,6.68551075921698
34126002,5.275336925323528
34127708,3.849483146991513
34129366,8.209562383288313
34129544,2.8026495930298343
34130489,10.339318126002901
34130604,3.8205540930824835
34131191,6.826709079175147
34131278,3.326101305881453
34131807,3.7570298538926417
37648633,2.668410088940483
45337711,9.352663100444095
45385910,3.9850304497975135
45722930,2.7156775860212234
45728298,2.539785168570179
45730390,3.3164500230588687
47726570,3.498925455261397
69886156,5.150655443682928
69886228,1.5236960176360719
69886510,2.395456697518676
70332223,6.303207106497321
70334209,4.312544586254997
70334219,6.129866958367899
74924599,2.0535644941588793
75474779,5.40819015717049
75653667,5.134437901320466
75654673,5.524276254006236
80005045,2.6717672649043935
81002103,1.8925753064232398
86274695,1.7696335473618667
86274749,9.11699225902614
86274823,3.818085066250758
86275133,3.444864755405036
86275195,2.044788373724288
91593827,6.19856246637256
91594687,8.258770815928099
91594827,7.536947222134862
91594833,2.249801491166265
91595845,5.4943049652676965
91597877,4.028937440748939
91683191,8.7326097519255
91684663,4.023330129646807
91684979,2.5662795075538676
91685475,4.577206022452322
91687083,9.730462762731127
91687843,7.669328084312636
91688409,5.228544624278897
91688455,2.230029169412963
91688775,4.589404408899784
91690129,6.717558240880627
91690341,7.934544893230256
91691877,1.8075921955780845
91692521,5.290954210049899
