0E445706-1F3E-47FA-8A83-D38E2C953307,3.869428921701968
105954753,3.287282952611667
120017988,2.680948986927288
120018006,5.776944108369815
120018022,4.564097987888833
120018032,2.3341824169880643
120018049,2.643897419366134
120018059,2.7172082825419825
120018071,3.089027834641093
120018074,3.238830216812484
120018081,2.4495403759641334
120018084,2.8620659710250584
120018089,2.697129926186755
120018090,3.0403708539507237
120018094,2.758404176243323
120018097,2.913180847775379
120018100,2.81162220144207
120018102,3.1629248729762063
120018107,4.083828768022755
120018108,3.9046279784767335
120018114,2.7752980376259186
120018124,6.580853166184513
120018126,3.69776083329939
120018129,2.3849183651398227
120018132,2.7156868166386814
120018133,2.4988350240986468
120018139,2.6279389054178712
120018140,2.794744498181215
120018146,3.178385631808458
120018211,2.9141090763448534
120018212,5.191803268009296
120018379,2.7990019303164066
120018459,2.5531377224294003
120019294,3.739657011732459
120019371,3.468079374362101
120019513,3.242483763705617
120019636,2.600988736919844
120019638,2.841464212569271
120019704,2.787076692620904
120019712,2.621714807260103
120019749,3.4416537865874703
120019849,4.320702528733835
120019850,3.906661613583156
120019854,3.860850775060307
120020199,2.5028573447327673
120020204,2.8880904879641105
120020206,2.6609215064394767
120020208,2.808570069333403
120020210,3.0281743816523434
120020211,2.525531634253375
120020218,4.201458748053354
120020226,4.473014859641332
120020240,2.6059829964069574
120020242,2.6940022983177228
120020334,2.451770028167229
120020343,2.4571828697025526
120020354,2.3067633700766255
120020367,3.4296633912318257
120020373,2.5759964023734474
120020387,2.637028375642856
120020800,2.619612116473905
120020805,2.533595009157927
120020844,2.705920847260433
121622699,2.6380960445458483
121623043,2.5157294319497465
121623126,2.323873323908145
121839184,2.3358697609294703
121860894,2.603809076168497
126212479,3.678004748466766
137059882,3.8162508247320295
139268769,2.65527039384382
139269431,2.6609805529304826
141288680,2.4106718807903444
143249192,2.438065057031434
143249413,2.7356077515191086
143249470,3.525639899660397
143249640,2.861196855480407
143249864,2.090011359228096
143396594,7.383486110603172
143398250,3.465430666916288
143416561,3.1679185133262338
143418891,4.304034447589009
151949699,2.5696119807051647
152335372,2.649829500498288
155442829,4.042008630220619
155445200,3.909500237831563
155635994,2.485500021674358
166867866,2.82499439821606
167256799,2.7025708384274174
167256807,2.669826228300552
32672122,2.803191334679173
34119718,3.8475830725553695
34124239,3.1304671114350158
34126002,2.596974720438426
34127708,2.572790861502891
34129366,3.5599104095079883
34129544,2.6392836084234466
34130489,6.658690294200127
34130604,2.7387108171317625
34131191,3.575782829850174
34131278,3.212565094247093
34131807,2.9204998649925873
37648633,2.5352387348224648
45337711,7.533195428285161
45385910,2.6718391371489356
45722930,2.902407252112463
45728298,2.8244674839892405
45730390,3.8043723720785954
47726570,2.7460726875230748
69886156,2.207910132381417
69886228,3.169509173741556
69886510,2.3878442084186586
70334209,2.217800328716239
70334219,2.5730723103811646
74924599,2.7673045866169015
75474779,3.185594937586476
75653667,4.545551199476123
75654673,2.6246797653927216
80005045,2.870086816206317
81002103,2.6013867088338576
86274695,3.0668289650182685
86274749,3.50246109011568
86274823,2.4851883567576474
86275133,2.634890388832034
86275195,2.8673745810986415
91593827,3.61890067053119
91594687,4.708685814738221
91594827,5.021623182598833
91594833,2.418902018531309
91595845,4.974252354733876
91597877,2.7077321194844397
91683191,3.8996150045150566
91684663,2.7557970609903526
91684979,2.563331998752356
91685475,3.1240684679524624
91687083,3.2139953829205417
91687843,2.9022779762056343
91688409,2.3429068338526515
91688455,2.5468667712094266
91688775,2.4069199884750168
91690129,2.8375033801615617
91690341,3.3748842709068567
91691877,2.572643329613884
91692521,2.513789363731179
