0E445706-1F3E-47FA-8A83-D38E2C953307,6.1634367135591
105954753,6.600502208120046
120017988,4.468235700232127
120018006,6.136327513349049
120018022,3.4224052262771996
120018032,6.24728666296892
120018049,2.905922301978627
120018059,3.8664743202398766
120018071,3.3450857296246492
120018074,3.259760033259604
120018081,2.9585013658946893
120018084,3.1114288046885403
120018089,3.015437975845103
120018090,4.0695284195781065
120018094,3.8356854728892067
120018097,2.8346840071559516
120018100,3.5275566722806118
120018102,3.3014662423002044
120018107,3.7955238924352437
120018108,4.1784468994340935
120018114,4.7195399542947545
120018124,3.179040206289307
120018126,2.826615042554218
120018129,3.8275434396213783
120018132,2.8852081561388907
120018133,3.825199807161772
120018139,3.576039670295549
120018140,3.4911095903284393
120018146,6.775416086329401
120018211,4.658485154220427
120018212,3.67655131930343
120018379,5.06517945692784
120018459,3.7420923846880876
120019294,6.940045333055686
120019371,6.318160100009465
120019513,7.174270434087348
120019636,4.956118322869991
120019638,5.215828216847034
120019704,5.97950905557637
120019712,4.281741766563287
120019749,6.096609920487692
120019849,2.4830022575178456
120019854,4.581935615943036
120020199,3.14065141223058
120020204,2.7500133248396788
120020206,7.0754925238605395
120020208,4.01263363428579
120020210,3.3962142285753396
120020211,3.5254239381324264
120020218,3.8141934888231046
120020226,5.976711771295796
120020240,4.471105250235271
120020242,3.561226717344675
120020334,4.377381503555491
120020343,4.724655357694068
120020354,5.770412451145067
120020367,3.2110692572234174
120020373,4.1757406006842395
120020387,4.46149996979198
120020800,3.994209382902331
120020805,2.963323334353679
120020844,4.87717479673769
121622699,6.026062724479815
121623043,4.555778702608215
121623126,3.9430390078727267
121839184,7.286614705623828
121860894,3.555165943365104
126212479,4.326032785205013
137059882,4.164527159472008
139268769,3.7672971146738417
139269431,4.574501689498562
141288680,3.527014049712069
143249192,4.0290025108455305
143249413,3.644220616736577
143249470,6.352807624586971
143249640,5.703298135056829
143249864,3.9844348853232514
143396594,7.913527230555731
143398250,6.239452440749072
143416561,6.6568441319513525
143418891,6.2147323957709135
151949699,5.8023408374114664
152335372,4.409536748222306
155442829,4.2143070423041715
155445200,5.667281442626861
155635994,4.199174528541973
166867866,5.036250386314983
167256799,3.873727848709861
167256807,3.7527362544567207
32672122,2.870319148750389
34119718,6.6654340528639535
34124239,4.729835603718267
34126002,3.706758001987997
34127708,2.6779987267302494
34129366,4.3365894166605425
34129544,3.3297245523115295
34130489,7.467228229398088
34130604,2.8867458492354197
34131191,5.429637236622469
34131278,2.4944229358600296
34131807,3.562281496688368
37648633,3.805225551541836
45337711,5.575740987855109
45385910,6.050473184912688
45722930,3.2938374645606285
45728298,3.3956398660480964
45730390,4.57572410335282
47726570,3.1931676584627153
69886156,3.2617905127591476
69886228,4.89811096658437
69886510,5.326724501056643
70332223,5.155370954168295
70334209,5.096737589819387
70334219,5.008454012687756
74924599,3.703352031621418
75474779,3.534678534569779
75653667,3.2355333774032293
75654673,7.410943087579238
80005045,4.019620371704949
81002103,3.620877848177946
86274695,4.316426893232119
86274749,5.776078941055066
86274823,3.834883012230809
86275133,6.211215584059645
86275195,3.887714419243389
91593827,2.7329777775333466
91594687,5.9679583667907545
91594827,4.571741589790276
91594833,3.388821156439535
91595845,3.8107700527110047
91597877,2.750910179693148
91683191,6.47795482930467
91684663,3.975075465942506
91684979,3.091104423614517
91685475,2.9228667696712844
91687083,7.1368989298999645
91687843,5.018025088127951
91688409,3.4957406545585226
91688455,4.095341929657147
91688775,4.769058333099108
91690129,4.303016918502168
91690341,4.116458722288968
91691877,4.026770672805076
91692521,7.137710890231125
