0E445706-1F3E-47FA-8A83-D38E2C953307,3.3719447680788677
105954753,3.090039652319566
120017988,2.5511878326718227
120018022,2.203274956479053
120018032,2.5500010411625116
120018049,2.381468895506952
120018059,2.4177010758752555
120018071,2.2703520751973056
120018074,2.252493672698569
120018081,2.4430860441260083
120018084,2.3217816900572474
120018089,2.3242118752743766
120018090,2.383272700728126
120018094,2.221369244168173
120018097,2.307602797100133
120018100,2.8542939761384094
120018102,2.181190868817654
120018107,2.2627203534066163
120018108,2.614580868566374
120018114,2.654628129290037
120018124,2.6898248812321777
120018126,2.2056453711076114
120018129,2.3158898145145197
120018132,2.3529170239928177
120018133,2.47859272021874
120018139,2.3974828644526918
120018140,2.456739393639613
120018146,2.6597541878256195
120018211,2.673654313254422
120018212,2.28690909607838
120018379,2.458894809716747
120018459,2.3932782549598293
120019294,3.916060916031432
120019371,3.238447025951744
120019513,3.5648067627974434
120019636,2.5278631860219316
120019638,3.029536293207117
120019704,2.7067574181846252
120019712,2.3862007284322617
120019749,2.569108894398261
120019849,3.3310613588561133
120019850,3.049852384708426
120019854,3.994475957062319
120020199,2.306457056424476
120020204,2.4363494262111853
120020206,2.78619806582091
120020208,2.1350622702291635
120020210,2.1886007076375416
120020211,2.417863439439759
120020218,2.1938786182740215
120020226,2.4055406838157847
120020240,2.466431802279736
120020242,2.265389055229099
120020334,2.2729032819827526
120020343,2.32147133591189
120020354,2.3689817255747245
120020367,2.2674162862973253
120020373,2.5627536480931234
120020387,2.409415693058977
120020800,2.6272627893544804
120020805,2.3838662654390985
120020844,2.277704712618736
121622699,2.4014845229367134
121623043,2.3817385997898217
121623126,2.359480756321667
121839184,2.563491638610774
121860894,2.689758200859166
126212479,3.130119407830474
137059882,2.495430451824319
139268769,2.361555389607288
139269431,2.781410257451867
141288680,2.412797477383487
143249192,2.639119525060724
143249413,2.540304031781956
143249470,3.7182843897744577
143249640,2.8844795049499123
143249864,2.269896298837183
143396594,2.9198656269787704
143398250,3.25085785851448
143416561,3.3590382119389735
143418891,4.253498594343225
151949699,2.2993295628325154
152335372,2.4997806867409533
155442829,3.4327456833279455
155445200,3.926643006259899
155635994,2.5156270198886843
166867866,2.6806546288255633
167256799,2.424557349388825
167256807,2.4156869185536967
32672122,2.292237457082521
34119718,2.251682287646276
34124239,2.2205821332029116
34126002,2.644764994548174
34127708,2.2799464769125075
34129366,2.4543768526416994
34129544,2.6430251876218716
34130489,3.037723411490854
34130604,2.3068208411338667
34131191,2.287813820653318
34131278,2.2829895789046737
34131807,2.4582981226623812
37648633,2.330314521073167
45337711,2.274259067831429
45385910,2.5051060662262237
45722930,2.4279628231673085
45728298,2.4283631572330067
45730390,3.8475238982465436
47726570,2.494970698853109
69886156,2.459365940099923
69886228,3.358597117073592
69886510,2.973582613186772
70332223,2.907529011878397
70334209,2.354421738678579
70334219,2.879470391802787
74924599,4.149789010939316
75474779,2.5256468398549394
75653667,2.565291435731407
75654673,2.485061992445901
80005045,2.8575541604109036
81002103,2.5592161345101734
86274695,2.821904289512735
86274749,2.5822048049025494
86274823,2.4469403250762998
86275133,2.5092152529720786
86275195,2.49461084547052
91593827,2.195176608653964
91594687,2.31439572417184
91594827,2.221494620858922
91594833,2.4127453487246378
91595845,2.2829701622198435
91597877,2.310959704037249
91683191,2.4426595890968725
91684663,2.547755114910314
91684979,2.3803686316575665
91685475,2.311109281622203
91687083,2.1941448136319464
91687843,2.2233774172488037
91688409,2.2982115284679048
91688455,2.5467845712912363
91688775,2.4050323857965688
91690129,2.490476651297447
91690341,2.4485134237984076
91691877,2.633961968360763
91692521,2.433288047419172
