0E445706-1F3E-47FA-8A83-D38E2C953307,3.2879598103749874
105954753,2.706990240544518
120017988,2.228764850320133
120018006,4.236749519447765
120018022,2.5094712741005267
120018032,2.3021754546061506
120018049,2.093271652075426
120018059,1.939436267795206
120018071,3.158606452974939
120018074,2.872375232100506
120018081,2.044720767757536
120018084,2.755219630321276
120018089,2.3301371838295757
120018090,1.822394301553671
120018094,1.8800134161726505
120018097,2.5707910267684437
120018100,2.384505417681858
120018102,2.5910734247961607
120018107,4.254823655861304
120018108,3.280272311942764
120018114,2.3840668746917286
120018124,2.465107146291516
120018126,3.243854320015383
120018129,2.145243181363874
120018132,2.6244950339884863
120018133,2.355909472063358
120018139,2.0822825136470646
120018140,2.19092725979526
120018146,2.4406026772407983
120018211,2.433937486530138
120018212,4.521924773131372
120018379,2.2174909181453013
120018459,2.334846485469128
120019294,3.233791393272238
120019371,2.932495809501133
120019513,2.9056063936968135
120019636,2.3022655719842287
120019638,2.8508447874360012
120019704,2.4274020375236445
120019712,2.0660567200025537
120019749,2.3213821841364886
120019849,2.4726938279748585
120019850,2.919749518019544
120019854,2.429550912543968
120020199,1.9773181819739623
120020204,2.3064750308699273
120020206,2.445780989166552
120020208,2.1450917286535116
120020210,2.606983025785937
120020211,1.8192815503451853
120020218,3.613174427799908
120020226,3.117790834866945
120020240,2.3249742613508135
120020242,2.131713202851305
120020334,1.9533516921207865
120020343,2.297949282785328
120020354,2.211410625530232
120020367,2.6494282206796482
120020373,2.6054438024308757
120020387,2.5546054472605713
120020800,2.1728702779197553
120020805,2.0536968729011846
120020844,2.2771406683000825
121622699,2.6579996344536285
121623043,2.3053424850764896
121623126,2.045297545839936
121839184,2.603834521642254
121860894,2.192979347826276
126212479,2.3520791036118145
137059882,2.699565061867577
139268769,1.7755094625931849
139269431,2.7850188188662326
141288680,2.5966580137163895
143249192,2.506595974331794
143249413,2.315174265847526
143249470,3.2651186308817746
143249640,2.8887098180753386
143249864,2.2803984139980398
143396594,6.572953157075727
143398250,2.4689748235915556
143416561,2.6498968976167507
143418891,3.2969676176695
151949699,2.566386937681349
152335372,2.497592319398575
155442829,3.203219909944471
155445200,4.021735375736504
155635994,2.4929545170063934
166867866,2.7498525033545267
167256799,2.054509052166355
167256807,2.6472467727853455
32672122,2.4249958298328007
34119718,2.404481231486602
34124239,2.0601346599998918
34127708,2.4219642708314706
34129366,3.5862413975176226
34129544,2.1234502284529246
34130489,5.035130468516091
34130604,1.9854243247701793
34131191,2.8237156787815505
34131278,2.6308464296517045
34131807,2.0769631236806467
37648633,1.9958689481769676
45337711,6.229416533739058
45385910,2.284756921495829
45722930,2.261490267344744
45728298,2.077512550095508
45730390,3.087652176900027
47726570,2.580646586873512
69886156,2.2005232055597808
69886228,3.1696546567360286
69886510,2.8709221442831656
70332223,2.9087052532795994
70334209,2.3890769740329683
70334219,2.5720421373349605
74924599,3.1778950221842526
75474779,2.34515943899606
75653667,3.4756083015751393
75654673,2.617413973388592
80005045,2.6978839644024126
81002103,2.2289462899456187
86274695,2.3108472476128474
86274749,2.072817994564444
86274823,2.1771603966328503
86275133,2.384957772442829
86275195,2.1205202858054917
91593827,2.6938285203826915
91594687,3.3086275017284223
91594827,4.018427375418083
91594833,2.042561832215666
91595845,3.8794434717546813
91597877,2.0411713873897965
91683191,3.917814132809316
91684663,3.0194785910010795
91684979,2.217898552304357
91685475,3.613282777795863
91687083,2.6270687656556895
91687843,2.06904515960662
91688409,2.686409640428855
91688455,2.8150704665296247
91688775,2.28562985222352
91690129,2.1612184481888588
91690341,3.494047191053482
91691877,2.4995261476421846
91692521,2.624212542215262
