0E445706-1F3E-47FA-8A83-D38E2C953307,5.8811167487517535
105954753,6.140012533495744
120017988,3.8115581397188336
120018006,7.042176338917127
120018022,3.3812733267717214
120018032,6.060111324328297
120018049,1.7798755523090548
120018059,3.1874527589038393
120018071,3.3182476259796965
120018074,3.182142182988017
120018081,1.9971285567612238
120018084,2.4231495547261455
120018089,2.506806868865973
120018090,3.7379486544371914
120018094,3.2821519888136863
120018097,2.0681992666082105
120018100,2.672389462833116
120018102,2.6236002799061655
120018107,3.8193001732729006
120018108,4.129017201041767
120018114,3.9608277114117336
120018124,2.5679709225818974
120018126,1.8512897118362655
120018129,3.0222482356987235
120018132,1.633621166414989
120018133,2.934660646083392
120018139,2.50103622124699
120018140,2.7581929601034965
120018146,6.5321796092502185
120018211,4.009438936645023
120018212,3.7083229268136786
120018379,5.03168842422565
120018459,3.1914112804066934
120019294,6.621831185987453
120019371,6.092236347828167
120019513,6.785750095778114
120019636,4.209830035754443
120019638,4.946689821600368
120019704,5.946454404684597
120019712,3.4590482127981916
120019749,6.159849809851037
120019849,2.394170080809657
120019850,2.464275768538451
120019854,4.6554300172853
120020199,2.0412218428731546
120020204,1.6076768062795683
120020206,7.014626295275004
120020208,3.5278627932380093
120020210,3.0490210166226417
120020211,2.820932856208255
120020218,4.046336547675692
120020226,6.698242326728356
120020240,3.5766772743321353
120020242,2.483820860773385
120020334,3.5391247743540815
120020343,4.190021565952712
120020354,5.791557135921688
120020367,2.6582347723010566
120020373,3.7193648143851807
120020387,4.30051132795869
120020800,3.779435576420666
120020805,1.9154342709658252
120020844,4.57203746104806
121622699,5.449397624270325
121623043,4.243277513352367
121623126,3.5537259196394873
121839184,6.9688099464327875
121860894,3.2031913258585254
126212479,4.527184581996713
137059882,4.532209355303824
139268769,2.951926899873648
139269431,4.255236690014068
141288680,2.651359701688597
143249192,3.6258582043490395
143249413,2.6089986761785298
143249470,6.100531354556469
143249640,5.5426217262740085
143249864,3.0128163991773227
143396594,9.284622783002943
143398250,6.804188495728557
143416561,6.322740261414384
143418891,5.876880840218223
151949699,5.669872686065115
152335372,3.813644568007462
155442829,3.931977575879905
155445200,5.390782383383441
155635994,3.736059598898618
166867866,4.231386203516966
167256799,2.9394216608163286
167256807,3.368438981248653
32672122,1.8154799670662871
34119718,7.183777184955173
34124239,4.690967503428531
34126002,3.350185989009351
34127708,1.9029934269149138
34129366,4.545627973628321
34129544,2.4953938735973167
34130489,8.470940946422067
34130604,1.9302221822474477
34131191,6.039306415146846
34131807,2.9154584415594713
37648633,3.031927098227797
45337711,6.29139455839939
45385910,5.724970313778126
45722930,2.4632332181095893
45728298,2.953587057877342
45730390,4.3357697925252
47726570,2.306461017149082
69886156,2.433420094629179
69886228,4.583886728872207
69886510,5.078477461927481
70332223,4.780056557934229
70334209,4.597529885284547
70334219,5.017453892795318
74924599,3.3811568476592893
75474779,2.9243174697240226
75653667,3.459110309141732
75654673,7.2372994010332015
80005045,3.1573188656009057
81002103,2.887527691033559
86274695,3.8968628559290694
86274749,5.79470282020119
86274823,3.2250044757963092
86275133,5.997911563489535
86275195,3.1953877083198376
91593827,2.084961456050023
91594687,6.473260111440317
91594827,4.537331092552884
91594833,2.480498961962304
91595845,3.3780352877543267
91597877,1.6118266485293455
91683191,7.086327899176843
91684663,3.3942163970548327
91684979,1.8801109681754136
91685475,2.633572112609499
91687083,7.5572544082104995
91687843,4.875661001929576
91688409,3.0126988366759124
91688455,3.2097569545748676
91688775,4.2751714139595745
91690129,3.947599304499877
91690341,3.903283923309993
91691877,3.672973060361069
91692521,7.114467179768494
