0E445706-1F3E-47FA-8A83-D38E2C953307,6.661158369758758
105954753,6.586127976741329
120017988,5.099029474053737
120018006,5.3217407750637635
120018022,2.8378559144403455
120018032,6.3337421599855475
120018049,2.1906540743404452
120018059,3.4565757967665873
120018071,2.3142279404453046
120018074,2.2918144789639476
120018081,2.215819600907082
120018084,1.7991311859849326
120018090,2.819619211354307
120018094,3.7719913627235573
120018097,1.8576619591091987
120018100,3.520221136078739
120018102,3.381921043485046
120018107,3.4460040281630695
120018108,3.1768211942104596
120018114,5.005036867842824
120018124,1.8816284297587644
120018126,1.950732207229894
120018129,4.059610831722229
120018132,1.967623843075603
120018133,3.919494568742715
120018139,3.4010988296939892
120018140,3.587750267676498
120018146,6.830028955447049
120018211,4.6938980566091555
120018212,3.7059163344151003
120018379,5.45737655925275
120018459,3.831981528141955
120019294,6.93224481533052
120019371,6.391733306707771
120019513,7.058553326682204
120019636,5.010729847039365
120019638,5.402658172000269
120019704,6.546583953495346
120019712,3.916298545508479
120019749,6.328625218883309
120019849,2.8292471053920996
120019850,3.4503760993190498
120019854,5.081962888346052
120020199,2.4702707221261404
120020204,1.7766410999390525
120020206,7.015397867508444
120020208,3.999733579722817
120020210,2.6286852836826116
120020211,3.4115882837064735
120020218,3.3442893839207004
120020226,4.64202650531651
120020240,4.641781865856457
120020242,3.3722472421398573
120020334,4.1608214936745584
120020343,5.05815686754616
120020354,6.365048672074523
120020367,2.9551975645171926
120020373,4.406932352744278
120020387,2.871359286105169
120020800,4.6716672422450625
120020805,2.384505109051237
120020844,5.169473082685286
121622699,5.668411137815778
121623043,4.941937317699834
121623126,3.997260196760152
121839184,7.283088038132904
121860894,3.602571394199728
126212479,4.4083358486211255
137059882,3.318212347394421
139268769,3.866163997613031
139269431,5.152558635252974
141288680,3.315541874576352
143249192,4.297122489644801
143249413,3.5447506987611725
143249470,6.716764289981745
143249640,6.16981296511871
143249864,3.8190336979290853
143396594,7.833686814250106
143398250,4.726991296510406
143416561,6.659813441217538
143418891,6.439114818333169
151949699,6.444465737899691
152335372,4.746868168553028
155442829,4.971546702682907
155445200,6.4258905161092255
155635994,4.515771636082823
166867866,5.410697721887354
167256799,3.659507736180614
167256807,3.9102637973913645
32672122,2.336282424778942
34119718,4.860766131208484
34124239,3.7565517507490567
34126002,3.108578816617722
34127708,2.008140688319418
34129366,3.080193733113646
34129544,2.9874582510116774
34130489,6.591772711368575
34130604,1.9142822748989397
34131191,5.43672494874736
34131278,2.278452303126855
34131807,3.4466312508678896
37648633,3.9234776119238512
45337711,5.819084669831362
45385910,6.359021122538504
45722930,2.784186966459894
45728298,4.003680868298614
45730390,5.328323329116059
47726570,2.202546399613439
69886156,1.998778214409859
69886228,5.722234638658711
69886510,5.769095873929273
70332223,5.065360559279484
70334209,5.377983691763221
70334219,4.409340908520639
74924599,4.08988407128934
75474779,2.7447876827078526
75653667,2.6860957748511467
75654673,7.284908614719979
80005045,3.749588056186623
81002103,3.744743078697625
86274695,4.6898755818996225
86274749,4.3059057344387615
86274823,3.8157672329997476
86275133,6.545265279709734
86275195,3.9384733379500956
91593827,2.375628545383601
91594687,4.548949246636069
91594827,3.840831976040762
91594833,3.164016969922043
91595845,2.961290359735502
91597877,2.214148171345039
91683191,5.315663932056627
91684663,3.8080112511235975
91684979,2.746673648139129
91685475,2.5978523470080317
91687083,4.883621171556083
91687843,3.149725078124846
91688409,1.889213493973742
91688455,4.0851929484298415
91688775,5.0676176916273565
91690129,3.5862977402467657
91690341,2.718804370822734
91691877,4.380803851647303
91692521,7.340037343563912
