0E445706-1F3E-47FA-8A83-D38E2C953307,2.616814869847962
105954753,2.203625934194324
120017988,2.0324843882412553
120018006,4.283975164862095
120018022,3.6284579702166
120018032,1.1763091122517682
120018049,1.4676911545151454
120018059,1.399369364342483
120018071,2.299974103235788
120018074,2.2413755118776755
120018081,1.4984323792736063
120018084,1.5721185047685204
120018089,1.744321967604487
120018090,2.018045969625897
120018094,1.5416171873021824
120018097,1.9783686484986405
120018100,1.7107504906413813
120018102,1.9579265484801098
120018107,3.029036767703168
120018108,3.3201915828846578
120018114,1.6338683322490897
120018124,2.5760116560722577
120018126,2.1659445606128127
120018129,1.3806829511981351
120018132,1.7440497060841826
120018133,1.6318405706740426
120018139,1.546411717662396
120018140,1.4579584745186267
120018146,1.5933194343386836
120018211,1.4272689242041279
120018212,4.538865440529532
120018379,1.591541480783153
120018459,1.7848430134749793
120019294,3.0487163811384463
120019371,2.2537264528661876
120019513,2.4337688608230748
120019636,1.4443252461793121
120019638,2.0143825498609376
120019704,1.7214374082847739
120019712,1.2575716943308137
120019749,1.4013808397654735
120019849,2.79087209914368
120019850,3.0451460490862425
120019854,2.415244950346377
120020199,1.369861495187434
120020204,1.701857887274091
120020206,1.4621591187626268
120020208,2.08512336184949
120020210,2.687433198294278
120020211,1.5144949225464115
120020218,3.1055353780103903
120020226,3.783486896616937
120020240,1.4719760763086247
120020242,1.265954128296752
120020334,1.2857416879311512
120020343,1.2197144696367486
120020354,1.2475285248984684
120020367,2.877553028942366
120020373,1.5936289218807125
120020387,2.7269535949381782
120020800,2.808186046956642
120020805,1.5470085713597816
120020844,1.8888214590198205
121622699,1.5402941848813776
121623043,1.3986039985471435
121623126,1.5990212000681063
121839184,1.3857923285707638
121860894,2.255540575127382
126212479,2.8411532385093783
137059882,2.8728492198207296
139268769,1.4997645787533267
139269431,1.6787617201750724
141288680,1.3578497934000378
143249192,1.5344541904083506
143249413,1.5402305270003638
143249470,2.387798333467037
143249640,1.6228616525557147
143249864,1.6182797004436125
143396594,6.1245109099594375
143398250,2.638975158493946
143416561,2.2982761342331024
143418891,3.0848212848690717
151949699,1.6550239094259227
152335372,1.4710574059848966
155442829,3.5104029398225163
155445200,3.768792463813476
155635994,1.4130384550308244
166867866,1.8320015228751463
167256799,1.4896868865765351
167256807,1.9219504788931723
32672122,1.6979377377276155
34119718,2.8639128499361615
34124239,1.5820832090306436
34126002,2.3202251881068503
34127708,1.8830265031506217
34129366,3.241586362381648
34129544,1.7431381911417732
34130489,5.9056546064027415
34130604,1.5039367754976236
34131191,1.8057344528346326
34131278,2.004487241008117
34131807,1.7970217089803548
37648633,1.327783408215415
45337711,7.285226235192076
45385910,1.533867753742286
45722930,1.5785605478191418
45728298,1.7858114644951064
45730390,1.8668690297321187
47726570,1.8073450831265518
69886156,1.531566080045819
69886228,2.475721367534379
69886510,1.937825337418027
70332223,2.659597289288877
70334209,1.515894787065964
70334219,2.3643551804064913
74924599,2.2406413062884214
75474779,2.1037138579021617
75653667,3.7197072433551015
75654673,1.3395186789012554
80005045,1.8970846211313515
81002103,1.6457507192296728
86274695,1.7870876511362048
86274749,2.378491351019121
86274823,1.5923553305580513
86275133,1.548850483234774
86275195,1.5165405527970317
91593827,2.6256490201212115
91594687,3.213936809542771
91594827,4.269305390982643
91594833,1.4441481988613116
91595845,2.8008384392169967
91597877,1.5037305807959378
91683191,3.621098170488023
91684663,2.0283333341800858
91684979,1.6608176499932097
91685475,3.0803326185434723
91687083,2.384443845531776
91687843,1.8412731642188402
91688409,1.8441941849874883
91688455,1.4889075689953508
91690129,1.940350760640796
91690341,2.666563266084028
91691877,2.0819053703624952
91692521,1.498627323711049
