0E445706-1F3E-47FA-8A83-D38E2C953307,6.724270531076321
105954753,6.875786265149168
120017988,4.377491976096446
120018006,5.853293824578553
120018022,3.0389207242665512
120018032,6.335174382789893
120018049,1.9819405456694426
120018059,3.353612407232541
120018071,2.477656584769907
120018074,2.350176196637322
120018081,2.3431259035236245
120018084,2.0353229733273683
120018089,1.5823791173665291
120018090,3.5131653341246887
120018094,3.4658950389749834
120018097,1.8485892279633889
120018100,3.135666581198139
120018102,2.8630022707639426
120018107,3.558087347095801
120018108,4.0026574477839825
120018114,4.812765710666665
120018124,2.3649428711563285
120018126,2.194993225072059
120018129,3.7190441056309114
120018132,1.446596411115205
120018133,3.4237313598755335
120018139,3.0624654729686096
120018140,3.151783234183109
120018146,7.0233842256760175
120018211,4.634803189335002
120018212,3.837801010157456
120018379,5.158909876982604
120018459,3.7304771930478884
120019294,7.212180150498704
120019371,6.6680015411469915
120019513,7.489495992951179
120019636,5.656398865678454
120019638,5.415890306531943
120019704,6.205859071250456
120019712,3.2897537176199383
120019749,6.534859817872555
120019849,2.337450731516436
120019850,3.0099629156144885
120019854,4.403591774401786
120020199,2.154802527514386
120020204,1.4412154700230178
120020206,7.129272901280641
120020208,3.682833419583444
120020210,2.8036905390659483
120020211,3.1017367599874666
120020218,3.332930966522774
120020226,5.629446949356397
120020240,4.0424411501509505
120020242,3.2258753436364924
120020334,3.6140880592624667
120020343,4.930988576249174
120020354,6.032420322840203
120020367,2.9962030757540536
120020373,3.9374690189147366
120020387,3.728272859285417
120020800,4.188137606022133
120020805,2.014006270445175
120020844,4.90935502206545
121622699,5.83926595739426
121623043,4.693523105053376
121623126,3.550636456386836
121839184,7.5917837276423805
121860894,2.857917255839249
126212479,4.459457096718377
137059882,3.5404613822716002
139268769,3.602969603411359
139269431,4.677327157330678
141288680,3.1740492679754673
143249192,3.916545482535364
143249413,3.4736808407579614
143249470,6.768803784991512
143249640,5.976613443721546
143249864,3.8621012338061615
143396594,8.327259869697023
143398250,5.764116141568997
143416561,6.936012929968585
143418891,6.529515216684231
151949699,6.195273386920871
152335372,4.420117027790315
155442829,4.706318827180364
155445200,6.328621202280783
155635994,4.066466619531308
166867866,5.337027639384817
167256799,4.140019566309934
167256807,3.287188705347348
32672122,1.8143758073146303
34119718,5.978319866270596
34124239,4.174808141749793
34126002,3.222674789308479
34129366,3.950114231164132
34129544,2.847289745884953
34130489,7.67409207329465
34130604,1.6056484490139973
34131191,4.9150019751995995
34131278,1.9651426409337671
34131807,3.1933091981863937
37648633,3.4864877609049896
45337711,5.872168688729019
45385910,6.294667339862301
45722930,2.710516203661194
45728298,3.417924458699695
45730390,4.684140345602156
47726570,2.0208437460743713
69886156,2.2271326571625583
69886228,5.225908470357815
69886510,5.248919749272151
70332223,5.089148806477029
70334209,5.211284643418058
70334219,4.698059028037121
74924599,3.7586046251571594
75474779,2.7700625706550652
75653667,2.6191248754207024
75654673,7.603823716889079
80005045,3.8950539790892647
81002103,3.5363376398919675
86274695,4.30129445311897
86274749,5.0910613891009975
86274823,3.76178039713815
86275133,6.4469462678153615
86275195,3.8635486534996297
91593827,1.9888056882108496
91594687,5.26781184991247
91594827,4.393841213330795
91594833,2.6583638872174045
91595845,3.0657826190685014
91597877,1.90996041437533
91683191,6.208278528698524
91684663,3.333559471896158
91684979,2.255560591188315
91685475,2.579730152088143
91687083,6.4027364259083095
91687843,4.197715867343232
91688409,2.355902813260715
91688455,3.764872542448929
91688775,4.7542246486898
91690129,3.785830791073231
91690341,3.5527110270187534
91691877,4.098091731159338
91692521,7.64134526440627
