0E445706-1F3E-47FA-8A83-D38E2C953307,2.954280586419571
105954753,2.4180168513600493
120017988,2.048787601470565
120018006,3.0502513084199965
120018022,2.0480398352359055
120018032,2.2438468762664368
120018049,2.090686247439247
120018059,2.2545658733607836
120018071,1.6167604423790274
120018074,1.6842325329313483
120018081,2.0595640632247196
120018084,1.6828090777799827
120018089,1.769756679166443
120018090,1.5502401334254583
120018094,1.721601739846949
120018097,1.378081696372004
120018100,2.3838504006918724
120018102,1.7924402300620184
120018107,1.961494870627498
120018108,2.022522989721984
120018114,2.486622327452359
120018124,2.4522664960297833
120018126,1.865641651554246
120018129,2.1561855308054825
120018132,1.923805095677183
120018133,2.378670793297036
120018139,1.7522273518193943
120018140,2.2295619660916817
120018146,2.3118799150777907
120018211,2.459590493962799
120018212,3.0570390657358675
120018379,2.1915860109603167
120018459,2.4128452170534023
120019294,3.01894513862163
120019371,2.65893820352891
120019513,2.6520170264525893
120019636,2.252326688271465
120019638,2.604594198792825
120019704,2.3100877500581287
120019712,2.131765373055657
120019749,2.2997205010023483
120019849,2.2856898879982657
120019850,2.8864164631590485
120019854,2.9058938790844953
120020199,2.0314923221762666
120020204,1.8169765417678132
120020206,2.383583813972349
120020208,1.4673197370644322
120020211,1.8867403704321188
120020218,1.9586874919071655
120020226,2.5262389229853914
120020240,2.3871022376275066
120020242,2.1646248714822036
120020334,2.11547189076359
120020343,2.25387111009046
120020354,2.1962438112795786
120020367,1.8694393327968637
120020373,2.753829300236587
120020387,1.7818710751024527
120020800,2.1955805950841025
120020805,2.199120951893539
120020844,2.1069667906131713
121622699,2.440234235250088
121623043,2.2608456041045812
121623126,2.207004109429467
121839184,2.391465840204177
121860894,2.350704964196169
126212479,2.6303107094426754
137059882,2.3004153844137245
139268769,1.9121964417512594
139269431,2.8362829892188866
141288680,2.3479843538893435
143249192,2.6390842967771992
143249413,2.450659203628786
143249470,2.97254788491134
143249640,2.745513323171923
143249864,2.3724589005296535
143396594,4.907803338183272
143398250,2.559721153552636
143416561,2.5535556411825193
143418891,3.203827357390298
151949699,2.3371993395422597
152335372,2.4558338497554693
155442829,2.9954078722300355
155445200,3.46993572523891
155635994,2.762298526717439
166867866,2.60457258212017
167256799,1.869878478143805
167256807,1.8998662681962766
32672122,1.878456325396848
34119718,1.9850407972724835
34124239,1.9804605959411556
34126002,2.1289971893538673
34127708,1.792975227172496
34129366,2.1334832280100366
34129544,2.311897333624125
34130489,4.474282631892132
34130604,1.9509407020314162
34131191,2.5482149426708567
34131278,1.717668434749805
34131807,2.1272820243584736
37648633,2.147443430332433
45337711,5.623580765532179
45385910,2.138869511202252
45722930,2.51565066008468
45728298,2.1666338644252314
45730390,3.095788658862074
47726570,2.3553287949588855
69886156,2.0077229605348696
69886228,2.7982826679544677
69886510,2.790435983903297
70332223,2.7603777177402646
70334209,2.620385871706664
70334219,2.252031425920149
74924599,2.601391325039218
75474779,1.9778226642214154
75653667,2.313139568997238
75654673,2.432683059309084
80005045,2.5509121435235773
81002103,2.177184718010401
86274695,2.3135083357177737
86274749,2.2076587199900586
86274823,2.2865356797215353
86275133,2.182796587687497
86275195,2.264811270014731
91593827,1.5016453608056566
91594687,2.3843145025410477
91594827,3.252043734315428
91594833,2.197357419557718
91595845,2.354195109035916
91597877,1.8667741394141113
91683191,2.373001896724296
91684663,2.5994665798385346
91684979,2.022444849351462
91685475,1.9288046243881725
91687083,1.8340032272921174
91687843,1.5329803232197272
91688409,2.0033712405900337
91688455,2.6743759547276498
91688775,2.168845589320048
91690129,1.7289266390936284
91690341,1.790373720302934
91691877,2.3536194909715085
91692521,2.6160111276985796
