0E445706-1F3E-47FA-8A83-D38E2C953307,4.570381010167268
105954753,6.2057966146605725
120017988,3.62941327377233
120018006,7.977542706290372
120018022,5.916527673398279
120018032,4.726444449766279
120018049,2.122646635153335
120018059,3.0878412189379905
120018071,4.296805561463141
120018074,4.162968371786723
120018081,2.713747884342871
120018084,3.8544704323292014
120018089,5.332179322747432
120018090,6.184525639189048
120018094,4.930865261895446
120018097,3.8769250000856177
120018100,1.6575705913481262
120018102,3.049924470766199
120018107,5.642463455116865
120018108,6.5789146131527
120018114,2.2823835116388285
120018124,3.214647690439565
120018126,4.428100559941787
120018129,3.3216223661374897
120018132,2.9877084427854133
120018133,1.9631885312736783
120018139,2.7853060388556634
120018140,2.0151813485125816
120018146,6.104190129107542
120018211,3.3197899551135075
120018212,5.954363830281542
120018379,6.031788697525504
120018459,3.6084239315947424
120019294,7.070917081912451
120019371,5.936991082136372
120019513,8.16223385601872
120019636,3.281369986060085
120019638,2.971047981060889
120019704,4.738548741877533
120019712,2.5611534847508617
120019749,4.454245217656772
120019849,3.5643549006315545
120019850,3.609935054425
120019854,2.9556908131215516
120020199,2.165591102782169
120020204,3.0409777454532647
120020206,6.418542386127038
120020208,3.933259012469995
120020210,5.421093159282965
120020211,3.7547195474431674
120020218,5.346545333844326
120020226,7.551647012654859
120020240,1.948200961145986
120020242,3.1899458803764915
120020334,2.6521627136929293
120020343,3.5445446276244432
120020354,3.9604575113968963
120020367,5.245331681164054
120020373,2.9444609465627276
120020387,5.313917810205847
120020800,3.5222059211072505
120020805,2.562284260268115
120020844,4.384196860239502
121622699,5.667615559141934
121623043,3.1294459831316956
121623126,2.8351533422237547
121839184,5.989915459875891
121860894,3.3808962380549388
126212479,5.457613554884009
137059882,5.786685617833409
139268769,2.8142894765126445
139269431,1.520320833271241
141288680,2.3392129908090307
143249192,1.4635722708752916
143249413,1.4389804907022885
143249470,4.779443637928086
143249640,4.257587534011733
143249864,1.9937556158468637
143396594,10.508012345733752
143398250,7.627177284042942
143416561,7.16410525472799
143418891,5.155882752437409
151949699,5.299627589702426
152335372,2.180517215691163
155442829,3.41821787801261
155445200,3.176194949195078
155635994,1.8397041059771158
166867866,2.731023792975037
167256799,2.749874508302556
167256807,3.2966386746039595
32672122,3.9426785386997536
34119718,7.938083609314001
34124239,5.781184803526215
34126002,4.037201488235165
34127708,3.208614878079423
34129366,6.943375766604363
34129544,1.6529293075590212
34130489,9.776204267434663
34130604,2.672078492154969
34131191,6.350341038736184
34131278,2.891983026989754
34131807,2.9580203771039857
37648633,2.6321492503695527
45337711,8.232460444869487
45385910,4.484854716983419
45722930,1.824411585969539
45728298,2.007163027728692
45730390,3.5122827765424813
47726570,2.8656287500563797
69886156,4.342862606116259
69886228,2.1202279198401603
69886510,2.793703421331731
70332223,5.658794633432023
70334209,4.259258560630087
70334219,5.445297075176034
74924599,2.354088408103075
75474779,4.155879388261142
75653667,4.07729110704888
75654673,7.144205325879622
80005045,2.5192773461895466
81002103,1.700756085377781
86274695,1.7062351608499893
86274749,8.058830793136496
86274823,3.226121021271437
86275133,4.342541952481851
86275195,1.943455884719624
91593827,5.257262454885329
91594687,7.110637939561615
91594827,6.680537206118971
91594833,2.129796136013047
91595845,4.634479414172659
91597877,3.2435918263051895
91683191,8.016962037163399
91684663,3.440861294701153
91684979,2.5891288803010712
91685475,4.182881866859817
91687083,8.613279926708795
91687843,6.645709475949758
91688409,4.743962522839123
91688455,1.3437108680525374
91688775,4.177787090983685
91690129,5.988907687977792
91690341,6.884658314580596
91692521,6.326670309649759
