0E445706-1F3E-47FA-8A83-D38E2C953307,2.4268725535670312
105954753,2.3678373456061146
120017988,1.9654432193474674
120018006,2.23135529673627
120018022,2.047624078573102
120018032,2.0260490328893215
120018049,2.248045976014756
120018059,2.089975264975604
120018071,1.945971258151335
120018074,2.0472237702235074
120018081,2.093753337414587
120018084,1.9524178541423103
120018089,2.14996735999774
120018090,1.8383400484520311
120018094,1.8988984432117808
120018097,1.9115426633800046
120018100,2.296856567561536
120018102,1.992164346810514
120018107,2.0634093288889033
120018108,1.784761988147002
120018114,2.2077703952177106
120018124,3.7978349643732687
120018126,2.055997085709317
120018129,2.0737953259741126
120018132,2.4500190283034597
120018133,2.2643037160659034
120018139,1.9370736274190594
120018140,2.1454768844113
120018146,1.955606833127621
120018211,2.309576279395766
120018212,1.884463788097337
120018379,1.9238782923463171
120018459,2.091372370721388
120019294,2.9194865839152526
120019371,2.494041354505694
120019513,2.6369220493380463
120019636,2.0323953792070197
120019638,2.4603808066539155
120019704,2.1595470415780387
120019712,2.251357943258818
120019749,2.098936533823348
120019849,2.8419135419079207
120019850,2.099618876033444
120019854,2.5024592788059246
120020199,2.083322651665095
120020204,2.0964339360475766
120020206,2.1109405736962543
120020208,1.8734713430264198
120020210,1.8439313066080116
120020211,1.9661213019064836
120020218,1.9504762293684443
120020226,2.102747784878351
120020240,2.144183634723023
120020242,2.136147501482123
120020334,2.147449589379067
120020343,1.9216593029014626
120020354,1.975586938579031
120020367,1.6904993825386132
120020373,2.53047552557688
120020387,1.9496561991207748
120020800,2.238570454653204
120020805,2.0145842446560085
120020844,1.9339746771104902
121622699,2.2937487756853567
121623043,2.0421013519302815
121623126,2.3174899006978547
121839184,2.1538377946062437
121860894,2.101524339949122
126212479,2.3486906082936025
139268769,1.8106477443863567
139269431,2.498816034306276
141288680,2.2401635654088103
143249192,2.3532608192189786
143249413,2.3433327264854507
143249470,2.599145515311684
143249640,2.3223421784065215
143249864,2.307355294415691
143396594,2.217265590789636
143398250,2.1602818157285304
143416561,2.201515192579336
143418891,3.3659784599120615
151949699,1.9733060532088949
152335372,2.2797996713646107
155442829,3.0339149596099935
155445200,3.6055006918183583
155635994,2.395359370057776
166867866,2.443218255712317
167256799,1.9473464769905198
167256807,2.0982698012766257
32672122,2.1931455918256884
34119718,1.849407851947443
34124239,1.949369152124288
34126002,2.020024386518265
34127708,2.208220219774227
34129366,1.9300407757967029
34129544,2.332005458941303
34130489,3.4542204817045286
34130604,2.198784839575404
34131191,2.0198987216574826
34131278,2.180183950627212
34131807,2.136844592644405
37648633,2.0049137359088265
45337711,2.1029613016087936
45385910,2.011253434707856
45722930,2.229422121986176
45728298,2.141757529029427
45730390,2.6327191526300684
47726570,2.2640418143723893
69886156,2.230359436188374
69886228,2.582266185016513
69886510,2.530932768101858
70332223,2.7137977452863375
70334209,2.439822483874005
70334219,2.521284103053266
74924599,2.4070124689745365
75474779,2.397201263190883
75653667,2.4249740086252416
75654673,2.084836463030971
80005045,2.229589950301819
81002103,2.1441286888911266
86274695,2.148299146395117
86274749,1.8580819593951543
86274823,2.0906844737048487
86275133,1.9483150118942318
86275195,1.9951539840563595
91593827,2.0110094481662864
91594687,2.0828544837895233
91594827,1.736566053222379
91594833,2.071669983211963
91595845,2.4339449567512403
91597877,2.0668374001637244
91683191,1.7996366251549767
91684663,2.718069708396969
91684979,2.0901537120659075
91685475,2.218554758466938
91687083,1.8822190443611875
91687843,1.9510017700619704
91688409,2.6353129395812833
91688455,2.5546197644414064
91688775,2.216441674498905
91690129,2.360809053519846
91690341,2.162607953217354
91691877,2.632972185743486
91692521,2.2353257233798742
