0E445706-1F3E-47FA-8A83-D38E2C953307,2.8282038727596555
105954753,4.888467160677895
120017988,5.799868427980742
120018006,11.402722770859897
120018022,9.928430841365326
120018032,3.030652728897246
120018049,5.53180387222393
120018059,6.729013799717085
120018071,7.88053279737018
120018074,7.829084024393457
120018081,6.224959496078418
120018084,6.883547911647206
120018089,9.412158298457042
120018090,9.604214802595422
120018094,6.917504902108991
120018097,7.449087330390268
120018100,3.998165762204131
120018102,4.078994640176785
120018107,9.062238282750283
120018108,10.123857336968527
120018114,2.483111971886241
120018124,6.2621752081848205
120018126,7.428635457984241
120018129,6.061025350115981
120018132,6.030614884275035
120018133,3.313413941900181
120018139,4.071345423330013
120018140,4.598157396744553
120018146,3.920833009609485
120018211,2.305301878513391
120018212,9.29966251967982
120018379,8.311573602518497
120018459,6.575372779888064
120019294,4.892265677907653
120019371,3.7428306353005345
120019513,6.155340850108798
120019636,3.7749887570881158
120019704,5.846598590139416
120019712,4.292520248704708
120019749,3.2656366877147556
120019849,6.922944842585692
120019850,6.74425289711739
120019854,2.5923204247045457
120020199,4.8181492016439025
120020204,6.077185348828631
120020206,5.133151517864787
120020208,6.333414514581149
120020210,8.736366079827022
120020211,6.8972659502231
120020218,9.351816339327835
120020226,11.279858780992948
120020240,4.573780563416575
120020242,6.732802350117331
120020334,4.395585281845937
120020343,5.1693500687667475
120020354,3.237561227105539
120020367,8.201368830482918
120020373,6.690074468351778
120020387,8.577528855339272
120020800,5.7609538573712635
120020805,5.535855681317314
120020844,6.271542853406703
121622699,4.848247553893279
121623043,2.3302230292387636
121623126,5.011632436989151
121839184,4.83685039420688
121860894,5.659698327887501
126212479,7.257889224628576
137059882,9.25271050324998
139268769,4.664246110961823
139269431,3.226783423197948
141288680,4.200863971843907
143249192,3.4245798975309336
143249413,4.488238707968848
143249470,2.7388910897105756
143249640,2.271473022766925
143249864,4.502039243219435
143396594,14.315922524473642
143398250,11.240186050698489
143416561,5.215744765880279
143418891,3.357702412614898
151949699,7.270272536761759
152335372,2.430586539316657
155442829,6.013897763329171
155445200,3.4298268526170084
155635994,3.1177267743651638
166867866,2.3576672174837805
167256799,5.452938044153936
167256807,5.151338144169583
32672122,6.56710338411042
34119718,11.723087591414405
34124239,8.664862864297485
34126002,7.616481616265912
34127708,6.175644187471677
34129366,11.071452626379376
34129544,5.355891471972061
34130489,12.757450882699219
34130604,6.246844300924719
34131191,8.341843124680066
34131278,5.266289577552728
34131807,5.755517989431267
37648633,4.569473685393742
45337711,12.396795843036454
45385910,4.9221293257417305
45722930,5.149809477376365
45728298,4.607240679923183
45730390,2.6051081891302443
47726570,6.042097204225979
69886156,7.4873527821262575
69886228,2.793159379836126
69886510,3.591589573293245
70332223,9.188632729025134
70334209,5.863625397776858
70334219,8.423592778248592
74924599,4.406327087519211
75474779,7.214381370801833
75653667,7.961563198117254
75654673,5.130014154478235
80005045,2.8875583467803407
81002103,3.9048353465409082
86274695,2.984053420834717
86274749,11.005136884619807
86274823,6.22369092158874
86275133,4.391853329533818
86275195,3.821380679281187
91593827,8.577537092423999
91594687,10.695152382254795
91594827,9.971488209977986
91594833,4.273456095341281
91595845,7.885931199099141
91597877,6.226199786559563
91683191,11.366941155008751
91684663,5.222452731865987
91684979,4.70598556741379
91685475,6.7865378251875565
91687083,12.354444341224086
91687843,10.196725786098687
91688409,8.068454143387346
91688455,4.365620837376139
91688775,6.122796587361465
91690129,8.762742918931183
91690341,10.309709328017817
91691877,3.829546783230937
91692521,4.554202688114238
