0E445706-1F3E-47FA-8A83-D38E2C953307,7.08953597095351
105954753,6.89001522101377
120017988,5.426848809030357
120018006,5.183679853670541
120018022,2.959892710957092
120018032,6.716553966606103
120018049,2.906686697060561
120018059,4.219440034723902
120018071,2.095148220578332
120018074,2.1388717233409933
120018081,2.9021286819846197
120018084,1.8634863309886143
120018089,1.5713840607930192
120018090,3.2316043722254575
120018094,4.277399914508907
120018097,1.984936925292147
120018100,4.199819970414618
120018102,3.920138830834449
120018107,2.748320831614346
120018108,2.8517594212359647
120018114,5.454354908420845
120018124,2.2358569745399883
120018126,2.0785836139273437
120018129,4.494000046301996
120018132,2.3538036435120726
120018133,4.608830638280074
120018139,4.274401938428172
120018140,4.534751641730276
120018146,7.185488263951301
120018211,5.445468280318312
120018212,3.3479505792355355
120018379,5.851283613945782
120018459,4.61728926323638
120019294,7.2228182502456715
120019371,6.87752387149299
120019513,7.3977869642386365
120019636,5.810614870849555
120019638,5.954487291532556
120019704,6.819163569810196
120019712,4.4485007381920925
120019749,6.78615741813641
120019849,2.7180656818392297
120019850,3.392383032785636
120019854,5.603060147444246
120020199,3.2788293892578353
120020204,2.067882049019437
120020206,7.422002237132152
120020208,4.205658167674254
120020210,2.5800819135621986
120020211,3.996728876752079
120020218,2.9311037273359806
120020226,4.387616724786653
120020240,5.348022699647597
120020242,3.998152419341405
120020334,4.627212276742921
120020343,5.568153521073889
120020354,6.796609988704741
120020367,3.2661747173594007
120020373,4.768292150513683
120020387,2.567957870585263
120020800,5.381240398592088
120020805,2.8789830103432092
120020844,5.619386644351915
121622699,5.685009845032778
121623043,5.6801120312699025
121623126,4.680298998998656
121839184,7.560501839264229
121860894,3.980860844394149
126212479,4.686149911580022
137059882,3.403185113659129
139268769,4.343491408193135
139269431,5.752378009487365
141288680,4.1108564409519435
143249192,4.966271045893199
143249413,4.004462899592902
143249470,7.1373943060679945
143249640,6.785555251222448
143249864,4.297063889128071
143396594,7.4009501923125605
143398250,4.664294255019973
143416561,6.985720883745974
143418891,6.788540926391549
151949699,6.866216468488797
152335372,5.3241923948376035
155442829,5.345460302768574
155445200,6.833598886795118
155635994,5.263728313702106
166867866,5.772898976952347
167256799,5.346369428677588
167256807,4.347324370807655
32672122,2.785244595070059
34119718,4.484256926660155
34124239,3.9270145489589297
34126002,3.324158391743968
34127708,2.2313596498899173
34129366,2.828611964183876
34129544,3.550607428821225
34130489,6.063062784292977
34130604,2.0731998534891267
34131191,6.202076649554754
34131278,2.7398833370979334
34131807,4.06207199391045
37648633,4.8473359042333195
45337711,5.306583584488041
45385910,6.705291501464119
45722930,3.4361222001946596
45728298,4.566341412771209
45730390,5.90214122342408
47726570,2.676181655943921
69886156,2.453065334486748
69886228,6.129106453661503
69886510,6.565268181610066
70332223,5.260220959320796
70334209,5.636348664136443
70334219,5.169277268852465
74924599,4.798596297750415
75474779,3.053153485854288
75653667,2.615270556287299
75654673,7.615953132055304
80005045,4.712967456986221
81002103,4.380627995887048
86274695,5.202240269534915
86274749,4.128197554638103
86274823,4.286485393245815
86275133,6.893705223432541
86275195,5.096834351998715
91593827,2.548708804262125
91594687,4.223684393407699
91594827,3.332291960511138
91594833,3.8294697252536993
91595845,2.598124669392523
91597877,3.006109202101042
91683191,4.812019633797529
91684663,4.182409308170144
91684979,3.3658000800620065
91685475,2.308281389954926
91687083,4.47629680173713
91687843,2.884048120867789
91688455,4.673239326545487
91688775,5.414389387628882
91690129,3.7577758340531577
91690341,2.478249584708739
91691877,4.955387462683989
91692521,7.818447179521773
