0E445706-1F3E-47FA-8A83-D38E2C953307,7.701690699377765
105954753,7.412186473057823
120017988,6.349322594056187
120018006,4.486061100583692
120018022,2.5056202288612686
120018032,7.522287608331595
120018049,4.193335476693937
120018059,4.638382051046313
120018071,2.6623780999654945
120018074,2.7332898515971746
120018081,4.6720982412966965
120018084,3.5062313060533725
120018089,3.26626315771073
120018090,4.188502880724946
120018094,5.147940724520596
120018097,3.1701793172752954
120018100,5.408890761237015
120018102,4.445413170759063
120018107,2.7824712543794927
120018108,3.040975474335309
120018114,6.301838718753432
120018124,5.226404803533218
120018126,3.1238641026560976
120018129,5.575129736734861
120018132,3.7154393121518847
120018133,5.467315967180929
120018139,4.931373016714397
120018140,5.1851724199068485
120018146,7.447452214393178
120018211,6.142894103427345
120018212,2.55467706102064
120018379,6.657878166066727
120018459,5.849341550717552
120019294,7.4863300954965935
120019371,7.206277503730004
120019513,7.718927176857756
120019636,7.029039783755579
120019638,6.734154404757745
120019704,7.361682294165788
120019712,4.993210890406017
120019749,6.591562728579567
120019849,3.1495211303711956
120019850,3.6271420519356288
120019854,5.805886757267242
120020199,4.7550829945042885
120020204,3.262294613743173
120020206,8.107581487518026
120020208,4.9797574271993295
120020210,3.094789603076087
120020211,5.278823011115879
120020218,2.5768968507100234
120020226,4.174903310284254
120020240,6.7867070585449145
120020242,5.155772512983739
120020334,5.595118850621352
120020343,6.897253443535887
120020354,7.605873776749671
120020367,4.023259508237647
120020373,5.852256051392694
120020387,3.725703786368529
120020800,6.071272690089472
120020805,4.251041393873923
120020844,6.17982837073065
121622699,6.683772798104138
121623043,6.565298895931326
121623126,5.782641012757946
121839184,8.215751197324153
121860894,5.127854268594324
126212479,4.946164520777076
137059882,3.4289007888313088
139268769,5.273163548855035
139269431,6.892001323194201
141288680,5.770097486483312
143249192,6.395988281458835
143249413,5.166278414073203
143249470,7.414474835762546
143249640,7.525007265676775
143249864,5.526801572323648
143396594,6.249684041612849
143398250,5.0264963066101265
143416561,7.280286287159017
143418891,7.121428162674472
151949699,7.577199935437061
152335372,6.313858888255528
155442829,6.135320435327273
155445200,7.2027076731918855
155635994,6.481865157446729
166867866,6.533835413513579
167256799,6.329479433505515
167256807,5.528782114153585
32672122,4.1567174676421
34119718,5.071316344194176
34124239,5.185390255938548
34126002,4.799087154227546
34127708,3.123178684634063
34129366,2.9807467444048217
34129544,4.815003668215625
34130489,5.439654490574954
34130604,3.6220232138344852
34131191,7.217030446780348
34131278,3.5458064288009603
34131807,4.891073226321026
37648633,5.3698912888806944
45337711,4.1254592970715755
45385910,7.330128978564868
45722930,4.693845894171932
45728298,5.670991851076148
45730390,5.81942050274252
47726570,4.2241447756015065
69886156,4.179160581134772
69886228,6.920124022996954
69886510,6.814167480275073
70332223,6.757651968702387
70334209,6.6591293170708665
70334219,5.813953694193257
74924599,5.945195842369691
75474779,3.8427542927619536
75654673,7.9444375203629924
80005045,6.495802331759025
81002103,5.608265361068721
86274695,6.135301557958835
86274749,5.056849674589703
86274823,5.800719848543691
86275133,7.4294744403389315
86275195,5.8569107859318
91593827,2.9608692296986665
91594687,4.362311628563673
91594827,3.145034825372303
91594833,5.292893379224329
91595845,3.0740795544584767
91597877,4.373371278552144
91683191,4.608157133090329
91684663,5.023963062570673
91684979,4.628813262560516
91685475,2.7966852342939283
91687083,4.825738038132691
91687843,3.795542288438478
91688409,3.851680119891926
91688455,5.684823281881007
91688775,6.651924073246905
91690129,4.753828642647364
91690341,2.8776366000988407
91691877,5.831530862218114
91692521,8.309361978159611
