0E445706-1F3E-47FA-8A83-D38E2C953307,2.969512151756316
105954753,2.4509225247297897
120017988,2.388625887154813
120018006,5.033886219064895
120018022,3.949206548564633
120018032,2.0286123349998597
120018049,1.8053224202974738
120018059,1.6760085071234754
120018071,3.288215537201221
120018074,3.1073935343470755
120018081,2.1653925070879456
120018084,2.2871928307687
120018089,2.8388308617906817
120018090,1.8843149450282581
120018094,1.6075520607519855
120018097,2.8742087132302148
120018100,2.008831876876177
120018102,2.254910970358491
120018107,4.373347734345089
120018108,3.8837332594710006
120018114,1.944064771377037
120018124,2.814417107811146
120018126,2.912582454262833
120018129,1.5603128123245937
120018132,2.7474253534657405
120018133,2.1049452138640534
120018139,1.790057318216921
120018140,1.840273812739827
120018146,2.4848136463245183
120018211,2.0643661605393624
120018212,4.840917268569301
120018379,2.3494347824079522
120018459,1.754415632385131
120019294,3.133840733974576
120019371,2.6013263414417507
120019513,2.7629654970205517
120019636,2.015997295376146
120019638,2.539059630187453
120019704,2.4333501088363287
120019712,1.5738701787745024
120019749,2.1746126386533637
120019849,2.7271767648759795
120019850,3.4383827548027486
120019854,2.733027126940331
120020199,1.7218123181233564
120020204,2.371315437269269
120020206,2.3476924474638814
120020208,2.149357262885127
120020210,3.2316096872484223
120020218,4.265386629814488
120020226,4.483121390469516
120020240,2.3122785608445424
120020242,1.632464950035418
120020334,1.7143407898869374
120020343,1.7764098893337719
120020354,1.9803857309526154
120020367,2.575459195771819
120020373,2.484283744973231
120020387,2.679569089216939
120020800,2.3624880552585066
120020805,1.8410658233138235
120020844,2.3445887430688344
121622699,2.3271822582478863
121623043,2.1324272868738756
121623126,1.6450618367622765
121839184,2.5168442801868425
121860894,2.453714920131571
126212479,2.7303429630734275
137059882,3.223376899663366
139268769,1.5441330238836068
139269431,2.7174281782034337
141288680,1.8017132836080396
143249192,2.3703213848732916
143249413,2.0448651462086143
143249470,2.890584108887717
143249640,2.5008685397936032
143249864,1.94586756985203
143396594,7.750674393505826
143398250,3.286414841617133
143416561,2.726639157934329
143418891,3.1441674399383723
151949699,2.7235550971458404
152335372,2.22068250153896
155442829,2.957964404610351
155445200,4.26270859195686
155635994,2.31996025378808
166867866,2.513817400465597
167256799,1.8606559043459798
167256807,2.10982670198108
32672122,2.0440283126681114
34119718,2.8484122208376417
34124239,1.9971291163184037
34126002,2.302140062334063
34127708,2.81724685852747
34129366,3.877382969404237
34129544,2.2806700497634296
34130489,6.539027804019871
34130604,1.9473586796620195
34131191,2.9589680960038147
34131278,2.507647814797963
34131807,2.058766588830393
37648633,1.6354044039193594
45337711,7.3459867874160105
45385910,2.3257025187231055
45722930,1.911933498525218
45728298,2.2494333108627487
45730390,2.408021540815406
47726570,2.288713572056833
69886156,2.183256221549702
69886228,3.099545762694868
69886510,2.9327937414756047
70332223,3.25316797072896
70334209,2.395285561222323
70334219,2.904419530339308
74924599,2.263141138526632
75474779,2.3713790163441004
75653667,4.823811272275464
75654673,2.454136336022097
80005045,2.3634353614071912
81002103,2.1863738891530065
86274695,2.249697768614592
86274749,2.680280005987186
86274823,1.8161324570742536
86275133,2.32070493948016
86275195,1.8618495395433026
91593827,3.0809108326857966
91594687,3.2987729473593035
91594827,4.309533237520639
91594833,1.8369891677981312
91595845,3.152578032285364
91597877,2.207198582118307
91683191,4.631584168550835
91684663,2.2675144328904566
91684979,2.154843258966732
91685475,4.103970798725712
91687083,3.443292151432922
91687843,2.2034638748333952
91688409,2.7134834013153224
91688455,2.1890751403079585
91688775,1.9762024056731669
91690129,2.1504804841879053
91690341,3.196234534095681
91691877,3.0990892703546815
91692521,2.6763022451322835
