0E445706-1F3E-47FA-8A83-D38E2C953307,5.7818380529998326
105954753,6.232129053753661
120017988,4.102446429353019
120018006,8.727010071712415
120018022,5.86274808917183
120018032,5.687131043209648
120018049,3.1225856013072892
120018059,4.015100551564891
120018071,4.854941390868338
120018074,4.750290029115573
120018081,3.2552051958185766
120018084,4.022376794433902
120018089,4.638852050917819
120018090,5.877051817286945
120018094,4.052962216300724
120018097,4.361912061055939
120018100,3.0461705333221385
120018102,3.424671937192711
120018107,6.119579237331669
120018108,6.3893951796363675
120018114,4.052999765802041
120018124,5.578760486360267
120018126,4.429401414074415
120018129,3.7130013098190315
120018132,3.6841012110214515
120018133,3.26823497030261
120018139,3.4652410068272235
120018140,3.0730769687793975
120018146,5.526218270634926
120018211,4.302160136512126
120018212,5.871826690100094
120018379,4.885793122822958
120018459,3.970678642954419
120019294,5.9972578725932175
120019371,5.707713283217119
120019513,6.510036133285713
120019636,4.741596268245774
120019638,4.084949365753791
120019704,4.5466829322558695
120019712,3.25917413366815
120019749,4.490190480580293
120019849,4.208308665244622
120019850,4.248309117700443
120019854,3.967931901321901
120020199,3.0031829295900474
120020204,3.6656500723741723
120020206,6.135981637025236
120020208,4.066267121325573
120020210,5.071566532468391
120020211,3.7195013355708415
120020218,6.1050647679032295
120020226,7.826719960422141
120020240,4.076769846619553
120020242,3.2997349262238878
120020334,3.5199456665755164
120020343,4.131970609584396
120020354,5.338520831119189
120020367,4.601140651594604
120020373,3.560502663116631
120020387,5.3620709246694505
120020800,4.115521512513009
120020805,3.2594975227820333
120020844,4.633523073928094
121622699,4.523494350938199
121623043,4.178019536132657
121623126,3.4657670763009487
121839184,6.062705685394937
121860894,3.604897011035997
126212479,5.181929132956592
137059882,5.97657673988049
139268769,3.1658862974943687
139269431,3.560534626565986
141288680,3.166511810035278
143249192,3.2571860278359597
143249413,3.168608735421693
143249470,5.547902573522975
143249640,5.023166962129962
143249864,3.335698395356554
143396594,10.593494669752273
143398250,7.907614872767248
143416561,5.919338686020069
143418891,5.062242302642953
151949699,5.221283127506209
152335372,3.6049209993540643
155442829,4.040514093119253
155445200,5.227786065691152
155635994,3.352942173044025
166867866,3.9226256327679705
167256799,4.506114157846723
167256807,4.2003483575393865
32672122,3.5675057062427378
34119718,8.477806576500337
34124239,5.806105547344561
34126002,4.368490555626267
34127708,3.882556799422947
34129366,6.613581857998996
34129544,3.270783998620159
34130489,10.11087780729691
34130604,3.6224221325244543
34131191,5.360385523119624
34131278,3.336548465159043
34131807,3.338128559531623
37648633,3.440567164154252
45337711,8.180914453362975
45385910,4.732159862309235
45722930,2.987560827216995
45728298,3.283427103846845
45730390,3.661596036662396
47726570,3.49119226944562
69886156,4.108835148340073
69886228,3.8465101470402985
69886510,4.035270262211709
70332223,5.352129841447516
70334209,4.388254232030651
70334219,5.2931587726180815
75474779,4.801557199204489
75653667,5.010796575295418
75654673,6.499640112592707
80005045,3.66908119070164
81002103,3.1072699035742923
86274695,3.4323960453907962
86274749,7.274569316832041
86274823,3.6166504425224093
86275133,4.581924592787727
86275195,3.3824605454136685
91593827,4.557626550562069
91594687,7.83925233100993
91594827,7.00287310745177
91594833,3.2194409591027546
91595845,5.675963816115181
91597877,3.509112976124761
91683191,8.598437995698966
91684663,3.363721316204894
91684979,3.467535158326577
91685475,4.4144129169223945
91687083,9.122284246569338
91687843,6.601829659120336
91688409,4.711545560440591
91688455,3.156783289693488
91688775,4.181508327536662
91690129,5.831566500866136
91690341,6.398039921397851
91691877,3.3901178934871363
91692521,6.362464544107268
