0E445706-1F3E-47FA-8A83-D38E2C953307,6.173270831328627
105954753,6.9229801658256775
120017988,4.281520686960799
120018006,6.581969022484458
120018022,4.168884542777319
120018032,6.424373009174727
120018049,2.764457463420377
120018059,3.891014374357999
120018071,3.476369991750772
120018074,3.512354754520514
120018081,2.84289098828581
120018084,2.7401703109680238
120018089,3.5476392163986743
120018090,4.379269859310551
120018094,4.231057815412054
120018097,2.9576322408803777
120018100,3.6064749174479256
120018102,3.7979368988208626
120018107,4.0384705066041855
120018108,4.4394909685622626
120018114,4.722987635756442
120018124,2.829743123864062
120018126,3.0049276898786523
120018129,3.936144452732762
120018132,2.676896401763052
120018133,4.01914937873204
120018139,3.68946764841068
120018140,3.5528218142190333
120018146,6.912523433454464
120018211,4.907864314680252
120018212,4.196152473803783
120018379,5.417656314510981
120018459,3.7001117788276323
120019294,7.198403641243867
120019371,6.637695778466667
120019513,7.4847903729520295
120019636,4.7108759445013
120019638,5.601047387451052
120019704,5.9059460766467575
120019712,4.366573270899238
120019749,6.277661825628013
120019849,3.2736731670807813
120019850,3.7823327787962593
120019854,5.2603515715790286
120020199,2.9861499980922703
120020204,2.7580287020838035
120020206,7.419886743420372
120020208,4.090054313384927
120020210,3.599545180242884
120020211,3.5723596581813384
120020218,4.477532438013072
120020226,5.762547906702797
120020240,4.151286504328134
120020242,3.466611075313955
120020334,4.359264543466428
120020343,4.925602018705809
120020354,6.01555141277919
120020367,3.7506696720197863
120020373,4.314693236254705
120020387,4.202243365677853
120020800,4.254942225385642
120020805,2.8811598550550843
120020844,4.895831751458732
121622699,6.392686187515315
121623043,4.827204827096042
121623126,4.135520076316537
121839184,7.041976795143997
121860894,3.8468462509093513
126212479,4.600645093225801
137059882,4.377922140363914
139268769,3.7410218073879324
139269431,4.646686724389295
141288680,3.1959174600927454
143249192,4.142886554566561
143249413,3.26722098280685
143249470,6.659127742719014
143249640,6.052212235505178
143249864,3.83218622281828
143396594,8.934355234682023
143398250,5.773112810674981
143416561,6.908840140085312
143418891,6.2176501589945135
151949699,5.860239061643595
152335372,4.4646457726782725
155442829,4.590444795692037
155445200,5.649291400917348
155635994,4.356787992726112
166867866,5.142636788052286
167256799,2.5873077671526277
32672122,3.0993801378596704
34119718,6.06219709590281
34124239,4.54490885054046
34126002,3.5873435246156786
34127708,2.9206386928121812
34129366,4.673603941971715
34129544,2.9634713292772266
34130489,7.741206034580818
34130604,2.766246193040828
34131191,6.034757223438219
34131278,2.659587322863086
34131807,3.656869590736369
37648633,3.709296207669683
45337711,6.662561315928968
45385910,5.755010540503962
45722930,3.218262993943441
45728298,3.4595014086373648
45730390,4.893792890628549
47726570,2.7436988416014736
69886156,3.064081063306496
69886228,5.0552518545055944
69886510,5.627313835985926
70332223,5.171950366230913
70334209,5.207913160317822
70334219,5.2975471716557445
74924599,3.7402964211737153
75474779,3.558947339521348
75653667,4.516374012241249
75654673,7.619874212960348
80005045,4.071284541959622
81002103,3.6839467329369975
86274695,4.64581070333466
86274749,5.257015138289785
86274823,3.826797685685505
86275133,5.920562974317768
86275195,4.044312715819724
91593827,3.4984837714623236
91594687,5.543772189665662
91594827,4.741386438621142
91594833,3.4176257657770366
91595845,3.6954471018641124
91597877,3.010772924712264
91683191,6.1440857989111795
91684663,4.1431895433330554
91684979,3.192026740673997
91685475,3.287888035878522
91687083,6.445540602411672
91687843,4.427779182877571
91688409,3.2545160541652876
91688455,4.073967928397977
91688775,4.826412758271974
91690129,4.491279246349526
91690341,4.58194238279987
91691877,4.1100479855142895
91692521,7.184361328672379
