0E445706-1F3E-47FA-8A83-D38E2C953307,4.034552967820845
105954753,3.6432529241888014
120017988,3.1709982727360737
120018006,3.00518565157564
120018022,2.034693452916957
120018032,3.7290145393470144
120018049,2.444308214280351
120018059,2.6886335532764236
120018071,1.49929748105706
120018074,1.632347890240574
120018081,2.3912422010903427
120018084,1.7718540363033533
120018089,1.6771322630492975
120018090,2.077379790562854
120018094,2.5913496372579394
120018097,1.2613629341838766
120018100,3.2796665762687955
120018102,1.7812782963880676
120018107,2.038306726561355
120018108,1.7024253316091178
120018114,3.459938490983437
120018124,2.4596807960080658
120018126,1.8624769981820184
120018129,3.0044262482433504
120018132,1.8395889044951181
120018133,3.22330835768485
120018139,1.8955633006357409
120018140,3.0108141586182735
120018146,3.884745980167666
120018211,3.5825159377365785
120018212,2.4828671117303642
120018379,3.5558825779069116
120018459,3.3875098310049037
120019294,4.00407229688994
120019371,3.651713392535607
120019513,3.9156451155526892
120019636,3.3883101055526157
120019638,3.789976118008369
120019704,3.7689302964854234
120019712,2.7471523383842964
120019749,3.823960051703407
120019849,2.1560576456870613
120019850,1.9763777412482377
120019854,3.225542401376193
120020199,2.5150346689496557
120020204,1.9246077776448605
120020206,3.8710119788952286
120020208,2.002218198613984
120020210,1.4948690368199264
120020211,2.657838196028673
120020218,2.039116648833079
120020226,2.4303157947969156
120020240,3.6426462463648126
120020242,2.986159524888577
120020334,2.796852785416058
120020343,3.527346790593985
120020354,3.7910943961822903
120020367,1.6332019317543445
120020373,3.8125616847599897
120020387,2.203435335062724
120020800,3.259353755680528
120020805,2.6846905783875976
120020844,3.3765697235775076
121622699,3.700380975487916
121623043,3.5241515070438694
121623126,2.785299459447904
121839184,3.9591096930819214
121860894,3.2700934692999915
126212479,2.974861280748098
137059882,2.2937798047067726
139268769,2.7870990709694916
139269431,4.032928754207129
141288680,3.227631856323365
143249192,3.69906074544113
143249413,3.2768095956310503
143249470,4.131146445299214
143249640,3.975052963307143
143249864,3.2164389602942207
143396594,5.487893754523758
143398250,2.8110887008813314
143416561,3.7913583205697083
143418891,3.959885727601447
151949699,3.8783009058875377
152335372,3.662605246360572
155442829,3.7303738310481074
155445200,4.294342547672561
155635994,3.9724184665629414
166867866,3.940710511066579
167256799,2.5556322819176422
167256807,2.545240588463613
32672122,2.1306727742820613
34119718,2.368311221852556
34124239,2.86120085005094
34126002,2.753779618285472
34127708,1.589444935230229
34129366,1.744661968538755
34129544,3.032645733487375
34130489,4.16870041600427
34130604,2.029661501544847
34131191,4.32047356567026
34131278,1.6410021333015008
34131807,2.7713369778833234
37648633,2.861635041844005
45337711,4.3774670989974105
45385910,3.6645345379318575
45722930,3.1892672865192884
45728298,3.276415237216868
45730390,3.594866912474793
47726570,2.7724460241724422
69886156,2.32858563163755
69886228,3.8484134019242857
69886510,3.8764106925525788
70332223,3.6876820552171137
70334209,3.9075320351663554
70334219,3.1008888414737763
74924599,3.4139684628605016
75474779,2.457850407016828
75653667,2.5023762625175996
75654673,3.986955650209125
80005045,3.279456834884778
81002103,3.2706044093875364
86274695,3.524069444220147
86274749,3.109222256230725
86274823,3.0781027616832444
86275133,3.616237219208031
86275195,3.295376944755189
91594687,2.215868622958121
91594827,2.122937367738151
91594833,2.8990270705685575
91595845,2.220552963833421
91597877,1.90420166252083
91683191,2.7800677241289153
91684663,3.2689819888407
91684979,2.241985326234248
91685475,1.6300761176997447
91687083,2.2297929796183906
91687843,1.747937394458428
91688409,2.1771081117602455
91688455,3.7913706930097275
91688775,3.55708506837389
91690129,2.4014998715779043
91690341,1.5560466473903467
91691877,3.589797365827147
91692521,4.3122070203866185
