0E445706-1F3E-47FA-8A83-D38E2C953307,8.261084695138608
105954753,8.746336657527138
120017988,6.1735201454608815
120018006,4.843166608357708
120018022,3.058886045241067
120018032,8.132706082662542
120018049,3.1779523986769096
120018059,4.390877792531527
120018071,1.33180153580778
120018081,3.4832415253418576
120018084,1.76474254228296
120018089,2.103196651313307
120018090,4.081725437301736
120018094,4.9497975065329305
120018097,1.986295063305998
120018100,4.53669651641639
120018102,4.286337310053135
120018107,2.0902571424778107
120018108,2.9433670828468723
120018114,6.394802822837907
120018124,2.7531333692217275
120018126,1.9877331445603625
120018129,5.058321129927632
120018132,2.478911532445306
120018133,5.2229415721136405
120018139,5.001582860954996
120018140,4.843956833642484
120018146,9.044591007343483
120018211,6.277610389010119
120018212,2.764514272559704
120018379,6.381741599088112
120018459,4.829788508349703
120019294,9.160268277088374
120019371,8.480416292631835
120019513,9.483461238551737
120019636,6.8951107499729325
120019638,6.82628658759302
120019704,7.867980173054774
120019712,5.3679326779838945
120019749,8.155489380952996
120019849,2.51538252309814
120019850,3.34184869289826
120019854,6.346410408500072
120020199,3.601772951030404
120020204,2.470296432712824
120020206,9.178819838951146
120020208,5.08600888571598
120020210,2.4276485746296017
120020211,4.213015926866518
120020218,1.9401061182534083
120020226,4.4415726294646545
120020240,5.771412864436814
120020242,4.467386449003289
120020334,5.617392902154661
120020343,6.492533950938029
120020354,7.78081689318647
120020367,3.3792833693450164
120020373,5.321517266507884
120020387,2.806582167754945
120020800,5.475586604999735
120020805,3.3067713414767477
120020844,6.247518291747429
121622699,7.4644628542562055
121623043,6.41638769031597
121623126,5.202707675215381
121839184,9.542970531297483
121860894,4.2200514377870295
126212479,4.935730770494985
137059882,3.260615404911843
139268769,5.123638056359778
139269431,6.197379735639232
141288680,4.2234148299900625
143249192,5.4050953823425845
143249413,4.665887879039663
143249470,8.325235021450698
143249640,7.698984416969549
143249864,5.254412347849896
143396594,6.727357794295937
143398250,4.930524193234199
143416561,8.866852257171473
143418891,8.334489593380919
151949699,7.572451455485868
152335372,6.07195763400339
155442829,5.654978769795631
155445200,7.526568514117734
155635994,5.685352775169194
166867866,6.707380698949428
167256799,5.385998584664182
167256807,4.421764221466628
32672122,3.1763986346664903
34119718,5.18562104332684
34124239,4.699336345484119
34126002,3.7125775618516053
34127708,2.2583562935227945
34129366,2.99177504123642
34129544,4.001508435415636
34130489,6.459383349240995
34130604,2.60343918702494
34131191,5.849272933129249
34131278,2.7901953118835814
34131807,4.651162171896083
37648633,5.2568061286706165
45337711,4.940585172217253
45385910,8.032181635634448
45722930,3.8461138306459954
45728298,4.767712893630837
45730390,6.486956199392307
47726570,2.808295259032479
69886156,2.9422989863617235
69886228,6.633752495896207
69886510,6.859937892318014
70332223,5.7285831556987015
70334209,6.880645594678803
70334219,5.456443292323867
74924599,5.121114279126631
75474779,3.449656407634193
75653667,2.3446409476432057
75654673,9.70214673673851
80005045,5.254164749117295
81002103,4.9025674021275805
86274695,5.795627418762766
86274749,5.019235332014385
86274823,4.934306075164261
86275133,8.204811080872037
86275195,5.324045062821213
91593827,2.4678062884056082
91594687,4.3720937246677956
91594827,3.4882239925066707
91594833,4.310094972190408
91595845,1.9855014979571752
91597877,3.23669755227489
91683191,4.84661230466022
91684663,4.938437944580923
91684979,3.866917257191719
91685475,1.995838979215864
91687083,5.785346965931663
91687843,3.8164803096646804
91688409,2.0129303847331186
91688455,5.140356655419776
91688775,6.030491427596855
91690129,4.525903665973967
91690341,3.125109554431519
91691877,5.308461709942521
91692521,9.540723392460613
