0E445706-1F3E-47FA-8A83-D38E2C953307,2.0861326004275234
105954753,3.53235781119182
120017988,5.2645665052742245
120018006,12.014649848342861
120018022,9.740719126001503
120018032,2.3092784951473764
120018049,5.55268825670608
120018059,7.198164429115352
120018071,7.729265038335475
120018074,7.308676614580149
120018081,5.562380609914371
120018084,7.152585253708295
120018089,8.979414501069678
120018090,10.414804471330571
120018094,7.911561685424789
120018097,7.6795253842201925
120018100,4.420987810110019
120018102,4.791080835738867
120018107,9.265874864971623
120018108,10.40257986667569
120018114,2.9815682448903433
120018124,7.481610156019701
120018126,7.688729758789272
120018129,7.038560957996503
120018132,6.148487677658224
120018133,3.5932346366834427
120018139,3.8848635777358713
120018140,4.627777443448661
120018146,2.9092333959448826
120018211,2.1925899577924266
120018212,9.487699287169697
120018379,9.102131427908107
120018459,6.607563996499405
120019294,3.7606732745094082
120019371,2.351269125750041
120019513,3.931067353337298
120019636,3.2459322765358745
120019638,2.0295027344707997
120019704,6.302900854624247
120019712,4.497879829030867
120019749,2.906088789218865
120019849,7.033477043818567
120019850,6.945046831518527
120019854,3.1979535822674654
120020199,5.228581444710759
120020204,6.109619203757857
120020206,3.4964575339199
120020208,6.621370007438276
120020210,9.077610249220053
120020211,7.278459983051843
120020218,9.207095810034614
120020226,11.676440646897662
120020240,4.4113991430663075
120020242,6.359306708005747
120020334,4.52793728895185
120020343,4.413744838587433
120020354,2.164486758756823
120020367,8.91061403820913
120020373,5.884655983674787
120020387,8.879067879931815
120020800,5.882201606601545
120020805,5.959907979766232
120020844,7.487794994910673
121622699,3.7124290365448798
121623043,2.253579896012329
121623126,4.5483119969490575
121839184,3.4021499212159356
121860894,6.5016949641150354
126212479,8.788419005594063
137059882,9.552217021032448
139268769,4.5462358380020484
139269431,3.3100567186283616
141288680,4.1759573687454745
143249192,3.727853849707264
143249413,4.771735556985999
143249470,1.4055715900591697
143249864,4.148488091082295
143396594,14.14285016562511
143398250,11.869100645942686
143416561,3.6355386174322177
143418891,3.2192437857604435
151949699,7.249885524824188
152335372,2.6250580101350245
155442829,6.093407872890544
155445200,3.0525328363391524
155635994,3.254302267853784
166867866,2.777563199806872
167256799,3.813574752427506
167256807,4.526283974074883
32672122,7.082414999117186
34119718,12.409102425822839
34124239,9.703710011002128
34126002,8.28412269062269
34127708,6.0696006108311265
34129366,10.939664727943384
34129544,5.529250761664023
34130489,13.787907477794816
34130604,6.516029748492936
34131191,9.863126464244855
34131278,5.613582045067766
34131807,5.977979788133569
37648633,4.0628620502094535
45337711,12.015107019965775
45385910,4.553198500644867
45722930,5.382790625338914
45728298,4.518371684817175
45730390,3.1650623105076976
47726570,6.233029817211567
69886156,7.972307655833619
69886228,3.2053613514995525
69886510,3.442373659194446
70332223,8.948679658758522
70334209,5.126883766301334
70334219,8.928878917986705
74924599,4.5357311350980405
75474779,8.407917564203188
75653667,7.335852977131106
75654673,3.3389978141310204
80005045,2.725302603933077
81002103,4.072438107002262
86274695,3.905676676068086
86274749,11.961625789983428
86274823,6.375816059377337
86275133,4.6034311885455566
86275195,4.052882944765083
91593827,8.624738650733967
91594687,11.427501673586399
91594827,10.917671185258946
91594833,4.008099663087837
91595845,8.321520967609988
91597877,6.778902273652101
91683191,12.136509880331761
91684663,5.626684512848675
91684979,4.161490868276375
91685475,7.018244275112202
91687083,13.357795406209549
91687843,10.95743802263095
91688409,8.347543580252717
91688455,4.578420757907695
91688775,7.456979206608734
91690129,9.967546409292286
91690341,10.956051117445098
91691877,4.637367729453927
91692521,3.2477083991090825
