0E445706-1F3E-47FA-8A83-D38E2C953307,3.4422227068845968
105954753,3.49857467860515
120017988,2.374321449639544
120018006,6.4479446858031615
120018022,4.146048589167949
120018032,2.857288067125417
120018049,1.5712958414936593
120018059,2.1766252807286053
120018071,3.378164596551264
120018074,3.49405394629037
120018081,1.7227204387223534
120018084,2.602663629028119
120018089,2.697115188530673
120018090,3.4599305824929134
120018094,2.2331803787453697
120018097,2.8077959356926647
120018100,1.4219774198718877
120018102,1.9750192380309295
120018107,4.135876469236639
120018108,4.319528562604696
120018114,2.4874724726268678
120018124,2.7289935179314986
120018126,2.9730596120153443
120018129,1.8551013678351531
120018132,2.1666187368312166
120018133,1.3930771242358038
120018139,1.549561093040742
120018140,1.4109344268181085
120018146,3.1154477955772224
120018211,1.920712131192448
120018212,4.088571978014955
120018379,2.814473063172521
120018459,2.328976357604981
120019294,3.289774192044501
120019371,3.121471454656975
120019513,3.460534639888535
120019636,2.162417781680893
120019638,2.3291965865306286
120019704,2.6272181316442333
120019712,1.501950444796148
120019749,2.7279865035687343
120019849,3.340014096198737
120019850,2.854679349938382
120019854,2.267682739413822
120020199,1.4473830042622398
120020204,2.449718773004811
120020206,3.386042625280194
120020208,2.1138941962458024
120020210,3.3857586054321733
120020211,2.1464154435199703
120020218,4.319368685674395
120020226,5.727315780640121
120020240,2.2514452513824876
120020242,1.693046642055145
120020334,1.6100759050802418
120020343,2.07701417968122
120020354,2.980411797056564
120020367,2.833895773609856
120020373,1.694645963145989
120020387,3.872006666623074
120020800,2.5013548205863545
120020805,1.8480693096202576
120020844,2.8708619158630766
121622699,2.8287669245782503
121623043,2.0524214248136863
121623126,1.7857294964666532
121839184,3.1830560530962266
121860894,2.502833533376761
126212479,3.4253466832606767
137059882,4.4709838418154275
139268769,1.6428882181692532
139269431,1.7765461559962386
141288680,1.2934862653501915
143249192,1.5681655173227018
143249413,1.6155974502883177
143249470,3.2412380393218774
143249640,2.7820326313773878
143249864,1.641946322690117
143396594,8.02402621699833
143398250,5.669642065884186
143416561,3.3870175887262346
143418891,3.3372789188302128
151949699,2.766352432259907
152335372,1.7654417867327017
155442829,2.5280339822258027
155445200,3.754117673366494
155635994,1.9806497764269908
166867866,2.6085950617446785
167256799,2.2788221100891026
167256807,2.310400899297152
32672122,1.4971092185891104
34119718,5.862901455288945
34124239,3.7891513710897144
34126002,2.743796670520031
34127708,2.2600627679200085
34129366,4.589650894674567
34129544,1.8056305126421877
34130489,7.092012778542005
34130604,2.1400944796180976
34131191,3.07464982864908
34131278,1.8534022371324521
34131807,1.7057330981424614
37648633,1.5973001027326181
45337711,5.561412739273287
45385910,2.6492741215118714
45722930,1.610785532153002
45728298,1.8214410131491419
45730390,2.1244105054136915
47726570,2.0822795685633335
69886156,2.2849896280829687
69886228,2.364422502677183
69886510,2.0665288058374016
70332223,3.453495793821181
70334209,2.2110270712570923
70334219,3.3670506601863934
74924599,2.3574966729301567
75474779,2.8433915925304145
75653667,4.141205642142202
75654673,3.3573521572197675
80005045,1.7931781788672456
86274695,1.8523432265173747
86274749,4.829759665592804
86274823,1.7641968573402709
86275133,2.601685194723569
86275195,1.9041365505956975
91593827,2.765567773863038
91594687,5.823643988909286
91594827,4.482600987104285
91594833,1.2331153553962695
91595845,3.8958518845293337
91597877,1.7700493546425462
91683191,6.113324373874652
91684663,2.5434702985392144
91684979,1.544493975705709
91685475,2.66641420013978
91687083,6.380183226099505
91687843,4.222564385637303
91688409,2.8793372945431455
91688455,1.6209814773608517
91688775,2.337588369037516
91690129,3.6462261004340824
91690341,3.947198254041243
91691877,1.6024290909136294
91692521,3.630398305456593
