0E445706-1F3E-47FA-8A83-D38E2C953307,2.7210330406365033
105954753,2.1496957610723104
120017988,2.3587785660493927
120018006,6.186134646013428
120018022,5.00378697879994
120018032,2.315757931306364
120018049,1.7484240432062772
120018059,2.648102368570052
120018071,4.081827148588677
120018074,4.2462108825541485
120018081,1.95297903892013
120018084,2.0733031443293686
120018089,2.5038367812135287
120018090,2.01743829484511
120018094,1.6139002656449226
120018097,3.783182400432859
120018100,1.7692274253337394
120018102,2.116134350271236
120018107,4.398984312101799
120018108,3.870861173609613
120018114,2.1451507738455446
120018124,6.353823442437248
120018126,3.5904301894707156
120018129,1.56978200524955
120018132,2.64080421624479
120018133,2.0056309476548364
120018139,2.2568903128895457
120018140,1.6557743249852308
120018146,2.1373379688385863
120018211,1.8776398949898894
120018212,6.042816578659258
120018379,2.2664448886752475
120018459,1.9276938400817867
120019294,2.448514820701777
120019371,2.578229083137223
120019513,2.2862947057793788
120019636,2.0659537694146524
120019638,2.0106994081942866
120019704,2.415101491697037
120019712,1.6465552385781592
120019749,2.4102756302293176
120019849,5.076096075069624
120019850,4.250749693113801
120019854,2.276980296217181
120020199,1.422542934361833
120020204,3.070311929643815
120020206,2.6277675748800067
120020208,2.1198604260431955
120020210,3.2844971667378537
120020211,1.3503302818034917
120020218,5.914797207177089
120020226,4.670000208926167
120020240,2.4410614713803396
120020242,1.6255854672287793
120020334,1.7532784181996135
120020343,2.3651531104675514
120020354,2.418696324208666
120020367,2.4708610776947024
120020373,2.688396871839696
120020387,3.7884579947572057
120020800,2.5856513858033106
120020805,2.0122469774596685
120020844,1.9048313049813113
121622699,2.1181667430032505
121623043,1.8599461634673542
121623126,1.7277529408834187
121839184,2.4782519330363173
121860894,1.813626014312247
126212479,3.3074586304828584
137059882,3.4033835033491524
139269431,2.4620318667951064
141288680,1.803501450265939
143249192,2.2336262909681666
143249413,1.6781639961817403
143249470,2.366679226246107
143249640,2.4186630482966947
143249864,1.674048653801023
143396594,9.331132615232663
143398250,3.092579836106533
143416561,2.1895612278466134
143418891,2.961042535797765
151949699,2.453159865955471
152335372,2.1063739272794613
155442829,3.024885992725596
155445200,3.157737946612022
155635994,2.2141221491626695
166867866,2.281942791087642
167256799,1.895473146246793
167256807,2.2600914914709107
32672122,2.5347161401054317
34119718,3.983538197319024
34124239,1.9357190378509463
34126002,2.2338525286045128
34127708,3.66257546849846
34129366,4.091421794668432
34129544,1.9238664342492233
34130489,7.22880040531658
34130604,2.3514817648254493
34131191,3.081844508164412
34131278,2.7625120321382988
34131807,1.7635830781502446
37648633,1.6091244578197148
45337711,8.662719967488087
45385910,2.1771740888319657
45722930,1.698077028089543
45728298,2.247872489605617
45730390,2.8846406185342066
47726570,2.0483740361238665
69886156,1.920967199437979
69886228,2.437779558241069
69886510,2.6344844729534405
70332223,2.8231243944405064
70334209,2.0775612545766617
70334219,2.1974916633417783
74924599,2.0597470142633516
75474779,3.324507998515132
75653667,6.216729376956504
75654673,2.174894664221111
80005045,2.0173409058603284
81002103,1.9483164933146955
86274695,2.132123992125654
86274749,2.604927832458702
86274823,1.8067463521152347
86275133,2.1575901465998637
86275195,1.7400197320855644
91593827,3.332967545445535
91594687,4.049760903846194
91594827,4.860587602449164
91594833,1.7707286837974117
91595845,4.939163464090245
91597877,1.797272854007282
91683191,5.508651866606301
91684663,2.1320605328139433
91684979,1.853232269498177
91685475,3.500314122414059
91687083,3.777219879932241
91687843,2.843269075666034
91688409,2.493253203140262
91688455,2.0614018697263403
91688775,2.1770966009852772
91690129,2.171384820408655
91690341,4.612909666140368
91691877,2.1604169529918105
91692521,2.8389477404054575
