0E445706-1F3E-47FA-8A83-D38E2C953307,3.949323516965321
105954753,5.219608705836679
120017988,2.7988793102101184
120018006,9.618133119313882
120018022,7.034636039559392
120018032,4.5582916752421125
120018049,3.359763155971418
120018059,3.7379295179232543
120018071,6.410169671360043
120018074,6.377117696133411
120018081,3.2181818655040946
120018084,5.189087005515831
120018089,5.843288909811634
120018090,6.732716666539433
120018094,2.7180478170721463
120018097,5.0800365839536585
120018100,2.2036978892743098
120018102,2.694305951572736
120018107,7.025681630184469
120018108,7.583338535258978
120018114,2.436426541200357
120018124,4.374936876680654
120018126,5.200752479891511
120018129,2.9970628987285766
120018132,4.236453660103742
120018133,1.929738950256762
120018139,2.279858118353735
120018140,2.07756093182358
120018146,5.2580601505863465
120018211,2.290437731562126
120018212,7.107830961232392
120018379,5.118323497211499
120018459,3.6027784629257456
120019294,6.059186835515761
120019371,4.950064759593509
120019513,6.3521441922462065
120019636,3.0266875983942705
120019638,2.7404103165955545
120019704,4.450092407129781
120019712,2.4483746741103665
120019749,4.150186461569737
120019849,5.003199059377758
120019850,4.307239658279623
120019854,3.506901448813763
120020199,3.2968614251972292
120020204,3.9259287445805975
120020206,6.227038344269989
120020208,4.087124986535767
120020210,5.903138769864719
120020211,4.574167616268029
120020218,7.453422778446279
120020226,9.496993974993764
120020240,2.5728411310389645
120020242,2.5211625778177007
120020334,2.4989549166009652
120020343,2.4011276055560056
120020354,3.7444666916790164
120020367,5.3240154685689
120020373,4.088981060421725
120020387,7.149177213455861
120020800,3.67084144482393
120020805,3.027503262038636
120020844,4.275727592991502
121622699,4.616230731862014
121623043,2.224005983662179
121623126,2.3515946848437435
121839184,6.037196928174611
121860894,3.8855349998359285
126212479,4.925944225319647
137059882,6.636742327709205
139268769,2.135921598343582
139269431,2.325984862225801
141288680,2.84074282501651
143249192,2.171961292249147
143249413,2.3545604119473893
143249470,4.644167689743529
143249640,3.576942772489191
143249864,2.0057499810767414
143396594,12.237650320679316
143398250,9.242943380382314
143416561,5.778650347903901
143418891,4.8624278676144295
151949699,4.997694351701077
152335372,1.655888139021517
155442829,3.8021080972278853
155445200,3.82467191401817
155635994,2.1520224711638583
166867866,2.3685488699842128
167256799,3.2903756607453847
167256807,4.005281623434793
32672122,3.558265696707958
34119718,10.079777515179305
34124239,5.935602175808136
34126002,5.383759116609957
34127708,4.376965018691132
34129366,7.957781860255515
34129544,3.6831376885528515
34130489,11.35823460918164
34130604,4.172628296017676
34131191,6.517939757288822
34131278,3.62943804293647
34131807,2.5677203501315367
37648633,2.1962906217909683
45337711,9.977151397159956
45385910,4.061697865766237
45722930,3.122208958945635
45728298,3.9376104762105535
45730390,3.131284248404857
47726570,4.41003715765372
69886156,4.99170955438534
69886228,2.57833394746797
69886510,3.5283144295950075
70332223,6.94133607486361
70334209,3.3859391037599464
70334219,6.20701103753507
74924599,2.3038128243619833
75474779,4.578756971933318
75653667,6.453368579158251
75654673,6.77803603074332
80005045,1.9047028666418169
81002103,2.152394534838651
86274695,1.9159057391612677
86274749,7.626637542163904
86274823,3.559580266394055
86275133,4.427845077604527
91593827,5.4323713852144415
91594687,9.23740929277213
91594827,8.158379532206677
91594833,2.299019196192103
91595845,6.330419802009646
91597877,3.516284084419874
91683191,9.792847997451466
91684663,2.477789196735121
91684979,3.030467338172743
91685475,5.62378819497303
91687083,10.606477371693687
91687843,7.817561210341975
91688409,6.165067222304553
91688455,2.401512107114575
91688775,3.378252961057051
91690129,5.923004605610408
91690341,7.54378930553457
91691877,2.7111209252484283
91692521,5.40060189045705
