0E445706-1F3E-47FA-8A83-D38E2C953307,2.5403424569008735
105954753,2.271854061884826
120017988,2.643169043629366
120018006,6.187861229718401
120018022,4.384400876551983
120018032,2.3859809801978527
120018049,1.6747805598077252
120018059,1.9301691961788503
120018071,4.053208779645714
120018074,4.2771812624080665
120018081,1.6186372345612179
120018084,2.19031374686701
120018089,2.9883246140040174
120018090,2.2896841679734647
120018094,1.924123514053461
120018097,3.3860878419062845
120018100,1.4578712150833024
120018102,2.282153320777896
120018107,4.930549106129061
120018108,4.371115641947964
120018114,1.5267983723169898
120018124,1.8934275022370255
120018126,3.217774087104847
120018129,1.8523046574465143
120018132,2.438651016715275
120018133,1.5543792935305936
120018139,1.8142166413549454
120018140,1.3488139108425474
120018146,2.78582685753383
120018211,1.7518871759867813
120018212,5.321838714038522
120018379,2.6823694935955897
120018459,2.2208297628699407
120019294,2.5594070040043997
120019371,2.2031558404938782
120019513,2.454404145431424
120019636,2.0025151792944706
120019638,2.1545714682665644
120019704,2.7980894396758935
120019712,1.701383359067371
120019749,2.5966884627049054
120019849,3.3228657073437935
120019850,3.5594412585695316
120019854,2.1937209276355087
120020199,1.4372879904392655
120020204,2.5561824194750793
120020206,2.6158460379867736
120020208,2.083214745917159
120020210,3.790846456498818
120020211,1.5730754708033776
120020218,5.256733557054984
120020226,5.470975466556263
120020240,1.8806274769250724
120020242,1.3984479086433033
120020334,1.8430474789541598
120020343,2.193169619758212
120020354,2.4152256147262774
120020367,2.9649065077585424
120020373,2.17827393293589
120020387,3.7762059621092887
120020800,2.752027366888056
120020805,1.9411781986511865
120020844,2.7989894010246306
121622699,2.8121353303991916
121623043,2.2319683860251747
121623126,2.099542791499167
121839184,2.8497119241647257
121860894,2.610854010615951
126212479,3.0527975912203793
137059882,3.847289710748847
139268769,1.55305185818538
139269431,2.35835619854837
141288680,1.900876952956919
143249192,2.0975357700588515
143249413,1.7294824417152976
143249470,2.5167305229882078
143249640,2.445325618940573
143249864,1.9914768554583093
143396594,9.456371591526922
143398250,3.985753759832157
143416561,2.6332273344481103
143418891,2.7605807413458283
151949699,3.1093034425918153
152335372,2.05154248764027
155442829,3.0328569637163345
155445200,2.8363111290214853
155635994,2.154411214564495
166867866,2.2094584785926203
167256799,2.109225220606056
167256807,2.772722940279601
32672122,1.9888255608297831
34119718,3.8930978038126947
34124239,2.232914434325344
34126002,2.4147148002069425
34127708,3.1876955327462415
34129366,3.902470636897503
34129544,1.469992636889704
34130489,7.58474148643882
34130604,2.176984169098901
34131191,3.6225285297259395
34131278,2.5164364154532497
37648633,1.7810811335081391
45337711,7.937660166105163
45385910,2.6206435237490275
45722930,1.2875565876459183
45728298,2.3431655306412242
45730390,1.9984631542581583
47726570,2.0825557138660593
69886156,2.030288931845255
69886228,2.483017731679516
69886510,2.445827637038435
70332223,3.1083405173665546
70334209,2.580337390796355
70334219,2.5075510360311153
74924599,2.275517228248958
75474779,2.2630331059701727
75653667,5.0700719504498055
75654673,2.807265564194826
80005045,1.5172171273234352
81002103,1.8525023260617728
86274695,1.9871134547516998
86274749,2.7215512665413106
86274823,1.5677540993823056
86275133,2.5078681883317553
86275195,1.826448014464856
91593827,3.408672588994075
91594687,4.271933713433593
91594827,4.553725081282885
91594833,1.5125096093773145
91595845,3.8870770745780723
91597877,1.8762138846751137
91683191,6.0234664811891285
91684663,2.6184464410422423
91684979,2.1388818967859575
91685475,4.395559381765487
91687083,4.2521935216389295
91687843,2.655649091464476
91688409,3.0132529266966888
91688455,1.8783540670890249
91688775,2.346195703401144
91690129,2.5774928212609454
91690341,3.9476288096184335
91691877,2.049088827118453
91692521,2.9411885415573997
