0E445706-1F3E-47FA-8A83-D38E2C953307,2.9823875466783614
105954753,2.4225812833059215
120017988,1.7049945730089608
120018006,2.758028778904909
120018022,1.895222224971335
120018032,1.6161044693405688
120018049,1.676709543424283
120018059,1.4727692127218632
120018071,1.315651550395639
120018074,1.5000312543073897
120018081,1.5646024584997384
120018084,1.457101495197587
120018089,1.4149623100038866
120018090,1.4843788194423666
120018094,1.2780636160517755
120018097,1.2926367930288312
120018100,2.1663975958016883
120018102,1.4630762930657015
120018107,1.3490697523797672
120018108,1.8973282314909237
120018114,1.9885474381591413
120018124,2.3370847779737756
120018126,1.4988078313940745
120018129,1.5016246990668425
120018132,1.6154879932664143
120018133,1.910838700078464
120018139,1.4475101699786186
120018140,1.759910949696963
120018146,1.8498082042697208
120018211,1.8920824239337541
120018212,2.50430643403805
120018379,1.5831261841173931
120018459,1.6222556060417401
120019294,3.3413558224987465
120019371,2.6978582683805543
120019513,2.9382306148864035
120019636,1.6609054335464288
120019638,2.457228590289573
120019704,1.8562339197586564
120019712,1.6064808650633997
120019749,1.8710126848342488
120019849,2.599564610207695
120019850,2.3349607052468566
120019854,2.9466508086634717
120020199,1.4492410012501205
120020204,1.5997185292908895
120020206,1.9487776794575542
120020208,1.3219578711067363
120020210,1.4683025086561012
120020211,1.4754838507832417
120020218,1.507719174025349
120020226,2.43783789039881
120020240,1.71278946298369
120020242,1.3837370810351617
120020334,1.5678484729445525
120020343,1.4351481470707448
120020354,1.3911006713412348
120020367,1.6379896997892025
120020373,1.9452557667304875
120020387,1.6453512656691562
120020800,2.4309948972538837
120020805,1.6203821616034917
120020844,1.452918505008439
121622699,1.8062366232708769
121623043,1.5548006991663232
121623126,1.4261869143692547
121839184,1.649048611986845
121860894,1.8103082936841415
126212479,2.4575381854847693
137059882,1.9864598281794612
139268769,1.5099917550895625
139269431,2.062976876664406
141288680,1.615239157091921
143249192,1.80543228455693
143249413,1.889271527924776
143249470,3.0398189318407307
143249640,2.175984973686451
143249864,1.6112253736692108
143396594,3.3733858582450096
143398250,2.4270975018818985
143416561,2.487375686055342
143418891,3.435291376710584
151949699,1.5721116114332556
152335372,1.7789314427722296
155442829,3.359809985594411
155445200,3.7348810239690393
155635994,1.751326665952279
166867866,2.104624329543966
167256799,1.5721970769016806
167256807,1.8799604397958003
32672122,1.5071806339986047
34119718,2.0028229031860048
34124239,1.5111858224404078
34126002,1.8479340493684513
34127708,1.3430299341056766
34129366,1.940971037769949
34129544,1.805007494756345
34130489,3.7050217868024635
34130604,1.5368010370821832
34131191,1.5762938886468771
34131278,1.5854217845906302
34131807,1.6810363568879312
37648633,1.5081158982534564
45337711,4.304005873416347
45385910,1.5599622322818638
45722930,1.8821852515415052
45728298,1.7379369718174051
45730390,2.9244180219528833
47726570,1.869585032584688
69886156,1.3927386798952817
69886228,2.798751757741548
69886510,2.04553616461058
70332223,2.180565159978291
70334209,1.519069585455512
70334219,1.9631519395123054
74924599,2.95639212219738
75474779,1.4335742560171152
75653667,1.7751993053288366
75654673,1.7189853529219117
80005045,2.32011030044531
81002103,1.7308901228447755
86274695,2.0605367304965663
86274749,2.0146690119487554
86274823,1.7445966842861145
86275133,1.5957844778437118
86275195,1.6744834741909076
91593827,1.5538603662207058
91594687,2.130632064556483
91594827,2.4741232525877175
91594833,1.6738343436060594
91595845,1.969621599176783
91597877,1.4976963614708558
91683191,2.0282197730784155
91684663,1.9003417616758536
91684979,1.6451023084805991
91685475,1.5044368443385812
91687083,1.5081259186599056
91688409,1.438005070006865
91688455,1.893516605432999
91688775,1.4713512090229697
91690129,1.5508394374998138
91690341,1.3714857540204237
91691877,1.9873678375581827
91692521,1.7437391326297567
