0E445706-1F3E-47FA-8A83-D38E2C953307,3.31024016439909
105954753,3.1168491070735875
120017988,2.9887465440240666
120018006,6.619397455881507
120018022,4.546296965447495
120018032,2.529126227331084
120018049,2.7195298485853954
120018059,2.8591589809785694
120018071,3.8611532012068284
120018074,4.134251969486446
120018081,2.5013261122316854
120018084,2.779142296900331
120018089,2.8921241824118624
120018090,3.387273322900661
120018094,2.717406420522462
120018097,3.2984377938278935
120018100,2.8580387507738805
120018102,2.9065462052575577
120018107,4.067802963301919
120018108,4.4058213703942535
120018114,2.7433026039845188
120018124,4.591237374279784
120018126,3.5143742375645783
120018129,2.5568970045801134
120018132,2.709551592267039
120018133,2.602262882556963
120018139,2.827445282798177
120018140,2.5021082241697847
120018146,2.8963203119008214
120018211,2.624798477413394
120018212,5.219971508748866
120018379,2.8665140988861726
120018459,2.495218916764195
120019294,3.601055148877813
120019371,3.205952729016306
120019513,3.155443811357202
120019636,2.648914057487232
120019638,2.911644508904539
120019704,3.016337422084654
120019712,2.492712822332872
120019749,2.844285299985425
120019849,4.186393736523372
120019850,4.6101627218776065
120019854,3.159394739699557
120020199,2.427108798047349
120020204,2.883234376318558
120020206,2.7635227280053187
120020208,3.070187901009099
120020210,3.653095366163304
120020211,2.677411005577383
120020218,5.357182220023792
120020226,4.98768824033935
120020240,2.6601823493801278
120020242,2.3916613294460025
120020334,2.2470431187306197
120020343,2.5578538421869212
120020354,2.6932470220808877
120020367,3.4708105342129647
120020373,2.5317529847020195
120020387,3.2703672993719213
120020800,3.062454721994901
120020805,2.460296331491616
120020844,2.6240891656254455
121622699,2.5936550322245933
121623043,2.489072510464143
121623126,2.443408459157921
121839184,2.4774809165165967
121860894,2.6317482938596926
126212479,3.958091870537983
137059882,4.298237889671442
139268769,2.6567071618937783
139269431,2.705559352857602
141288680,2.5020203241138153
143249192,2.4981757174913923
143249413,2.653246627568091
143249470,3.2716445261908267
143249640,2.6244218812564344
143249864,2.1944913063200464
143396594,9.361617961807136
143398250,3.9186925905450676
143416561,3.200186764086238
143418891,4.436582972645807
151949699,2.4890542470915196
152335372,2.5934026030701816
155442829,4.24025785309721
155445200,3.909966705723438
155635994,2.639608790746007
166867866,2.757541746229926
167256799,2.8335972381218655
167256807,2.9064291007567444
32672122,2.7247264186217977
34119718,4.409540747805526
34124239,3.0451191324024087
34126002,3.0050630637990836
34127708,3.059434111202945
34129366,3.9446557967887084
34129544,2.6223617838383797
34130489,7.376107453626167
34130604,2.940152314946707
34131191,2.3474610165215917
34131278,3.153316016807507
34131807,2.8625901223769548
37648633,2.5940545589019037
45337711,8.02431221685905
45385910,2.754719733852766
45722930,2.749973126214224
45728298,2.791423728169361
45730390,2.966501153669649
47726570,2.624900945343862
69886156,2.229098449153632
69886228,2.9929288607441995
69886510,2.4446058438868095
70332223,2.857614599218973
70334209,2.106619670451343
74924599,2.359342677611894
75474779,3.0720218213728074
75653667,5.7068549506776005
75654673,2.5434033026199776
80005045,2.5453525840058466
81002103,2.518830716498106
86274695,3.0035595048542834
86274749,3.5300247714687725
86274823,2.7060159593258577
86275133,2.830889101231821
86275195,2.7664891887190275
91593827,3.675177916217341
91594687,5.059734382948082
91594827,5.238033654745076
91594833,2.5374334320946432
91595845,4.91116861585013
91597877,2.702824430970586
91683191,5.012594546966205
91684663,2.3878638944431483
91684979,2.574559279844945
91685475,3.1784898761695244
91687083,3.5559446317310095
91687843,3.0889555461626372
91688409,2.4356876859203527
91688455,2.553609473894782
91688775,2.4979173891213526
91690129,2.8714408627181953
91690341,4.153867053730077
91691877,2.5910661745619303
91692521,2.432053053093963
