0E445706-1F3E-47FA-8A83-D38E2C953307,2.5641821391847657
105954753,2.253773722191991
120018006,5.229271842787846
120018022,4.446562515199697
120018032,1.7749099461816615
120018049,2.301411388862288
120018059,1.799337560718694
120018071,3.7255161531894045
120018074,3.891352893154286
120018081,2.1083066591520185
120018084,3.350655780897544
120018089,3.053724650482218
120018090,2.2765122652659615
120018094,1.8358336192549787
120018097,2.7897506673478154
120018100,1.9480289464547718
120018102,2.866036989686439
120018107,5.12184638515217
120018108,4.530116324297612
120018114,2.1789398230467105
120018124,2.5313311636730975
120018126,4.281129979357474
120018129,1.5165582323454132
120018132,2.790963640234412
120018133,1.775282939468602
120018139,1.881010012604304
120018140,2.2871037344277765
120018146,2.1058790733600667
120018211,1.9567016855175956
120018212,5.000449151890403
120018379,1.8927972553847918
120018459,1.9750387605618083
120019294,2.8579777316181656
120019371,2.2626814518945175
120019513,2.5394430526315257
120019636,1.7241621328391483
120019638,2.084142217492117
120019704,1.8944505356026722
120019712,1.8825888499415115
120019749,2.0511105071413445
120019849,3.347318267143394
120019850,3.9476694514529846
120019854,2.589444171528278
120020199,2.0032351365324454
120020204,2.885091719669389
120020206,2.1259054622727716
120020208,2.3104650416292505
120020210,3.809079447669097
120020211,1.889434854925701
120020218,4.744254409035921
120020226,4.1914490916331415
120020240,1.7586688109399395
120020242,2.0175050939607893
120020334,1.6762883205356869
120020343,1.5526058840165875
120020354,1.7289455351959075
120020367,3.6182329133106395
120020373,2.172152908354208
120020387,4.018551381307992
120020800,1.8394310359243629
120020805,2.324438893494054
120020844,1.8261394968744553
121622699,2.0394729296520024
121623043,1.7400595395432343
121623126,1.9954677128190594
121839184,2.170957063116509
121860894,2.3157544283593454
126212479,3.031208837697162
137059882,3.544911896775243
139268769,1.5866288363955574
139269431,2.129608309992098
141288680,1.955686997990911
143249192,1.982551351422445
143249413,1.8469398414382954
143249470,2.558377558564547
143249640,2.2864073281431208
143249864,1.7527182293025614
143396594,7.960591140858454
143398250,3.3922288656685575
143416561,2.345426737416694
143418891,2.914557119749931
151949699,2.1707251203011158
152335372,1.9365794694686327
155442829,2.7001844130596497
155445200,3.0841276564223565
155635994,2.1970870410288574
166867866,2.3268116519374367
167256799,2.136398886655698
167256807,2.523750583052998
32672122,2.6409745556523365
34119718,3.9180658099599373
34124239,2.102350120431429
34126002,2.0604972534135975
34127708,2.926806802424007
34129366,3.4360710809394757
34129544,1.9074081664633806
34130489,6.6094629250873
34130604,2.4845636860576494
34131191,3.729104447475073
34131278,3.0366463267544312
34131807,2.001590579388476
37648633,1.6882377150793921
45337711,7.070499114933575
45385910,1.7935124229224686
45722930,2.2165696816514746
45728298,2.414175375605333
45730390,2.3853779268550332
47726570,2.657298097542997
69886156,2.2386183489093057
69886228,2.430598214003136
69886510,2.206069837302728
70332223,2.315119928016345
70334209,2.095293870000239
70334219,2.410165451789399
74924599,2.976763644861663
75474779,2.4776622367107577
75653667,3.818070051586526
75654673,2.120379749824816
80005045,2.141908484145502
81002103,1.7722817479979815
86274695,1.9343197648926815
86274749,2.5187136405572015
86274823,1.9199964732483221
86275133,1.8115917787527631
86275195,1.9008447809624975
91593827,3.3810433168068337
91594687,4.043021392853889
91594827,4.770675284710271
91594833,1.8828947583073177
91595845,5.023036822062927
91597877,2.760339770521655
91683191,5.221282891622075
91684663,2.670624327122671
91684979,2.3200697872020606
91685475,4.496937375381313
91687083,3.8761229865782294
91687843,2.844578227375495
91688409,3.10447185441867
91688455,2.109167458862855
91688775,1.6991903040603458
91690129,2.1297362373994444
91690341,3.960116593410801
91691877,1.9843280123077773
91692521,2.3287484875752344
