0E445706-1F3E-47FA-8A83-D38E2C953307,3.642965739885342
105954753,3.129154131479852
120017988,2.703955934221936
120018006,2.833242153022864
120018022,2.027312299756933
120018032,2.885450644841016
120018049,2.823180682655037
120018059,2.6485331689574103
120018071,2.2431563586878784
120018074,2.2056477329815887
120018081,2.714299646067041
120018084,2.3223901513284075
120018089,2.3598889557311344
120018090,1.9978411801260754
120018094,2.358378042168584
120018097,1.921742443350537
120018100,3.084508217559112
120018102,1.9745918085285075
120018107,2.356659253699185
120018108,1.9510265411564334
120018114,2.9868744869618085
120018124,2.8910691798517245
120018126,2.0464654417611943
120018129,2.741892829416927
120018132,2.7369033559181615
120018133,3.2415640697576116
120018139,2.282782173336684
120018140,2.911139158474985
120018146,3.062512933592015
120018211,3.125272609920715
120018212,2.8372960237479816
120018379,2.927152104148659
120018459,2.933209512794104
120019294,3.8811864877612154
120019371,3.2911662188785074
120019513,3.464261539449241
120019636,2.9243224131007417
120019638,3.446084768278972
120019704,2.978463072234733
120019712,2.725372062273647
120019749,2.9160691681801483
120019849,2.8601315442583224
120019850,2.6794874036308647
120019854,3.0345560860638754
120020199,2.7063547639414836
120020204,2.5783384397935456
120020206,3.030055151189809
120020208,2.0450084212507753
120020210,1.9543386724818343
120020211,2.396562602613706
120020218,2.1709848738247857
120020226,2.5910513359928076
120020240,3.111745944721213
120020242,2.688531379614592
120020334,2.776745037893652
120020343,2.8185414615820563
120020354,2.7996478527386675
120020373,3.413150928305575
120020387,2.7349848630538744
120020800,3.0780732800948294
120020805,2.9545810052526527
120020844,2.8548387653866003
121622699,3.196551353609456
121623043,3.014446923745742
121623126,2.8337175278537696
121839184,3.1593348853718
121860894,2.901097246438312
126212479,2.625446600743197
137059882,2.521082317572382
139268769,2.622415410743876
139269431,3.5418171074655453
141288680,2.9979235737812244
143249192,3.3919524578232156
143249413,3.1699116798417366
143249470,3.60684259080528
143249640,3.2775697066642997
143249864,2.9808463825153546
143396594,4.322352714660624
143398250,3.0394947435847226
143416561,3.165271708480309
143418891,3.8796401564442706
151949699,3.2000128424466125
152335372,3.123954840054993
155442829,3.6025970194576504
155445200,4.86922076315665
155635994,3.216000078215008
166867866,3.144331475857247
167256799,2.6128288439171343
167256807,2.6548268534150044
32672122,2.5103051112660375
34119718,2.472471432624398
34124239,2.7858304770193802
34126002,2.6634756680624765
34127708,2.608011388046516
34129366,2.2645873460689163
34129544,3.172153033633199
34130489,4.411637711751088
34130604,2.518868376771136
34131191,3.239067101007201
34131278,2.1854063694157837
34131807,2.9062465679536658
37648633,2.8012550957511744
45337711,4.622726706928791
45385910,2.8988745858636102
45722930,3.1382813265336758
45728298,2.985353942989142
45730390,3.057385554026345
47726570,3.162591141231708
69886156,2.732024019568189
69886228,3.708874076294601
69886510,3.474622790001142
70332223,3.565414216217436
70334209,3.1928819095411427
70334219,2.986387130378394
74924599,2.932661394200081
75474779,2.519717410166935
75653667,3.2553970613094254
75654673,3.1591515213220016
80005045,3.3251231026008625
81002103,3.02034927440359
86274695,3.095020033174338
86274749,2.83948140217545
86274823,2.9427021626345464
86275133,2.8812760681427183
86275195,2.8852435369557683
91593827,1.9150585911204905
91594687,2.313277051696348
91594827,2.2708029401330596
91594833,2.9208421931549196
91595845,2.514447645992289
91597877,2.3115028602955263
91683191,2.2753991597273378
91684663,3.029151452740769
91684979,2.5890150612103637
91685475,2.354415857348087
91687083,2.347482667095093
91687843,2.026611113920226
91688409,2.4279471387194795
91688455,3.36611358014198
91688775,2.8923447468632495
91690129,2.2258494659228014
91690341,2.022128842054923
91691877,3.76859901477314
91692521,3.2800935292227913
