0E445706-1F3E-47FA-8A83-D38E2C953307,2.6332976242377937
105954753,1.3418959006840017
120017988,5.624150694635084
120018006,10.843361712098346
120018022,8.823257759309193
120018032,2.8241827740799503
120018049,5.70617517690784
120018059,6.595159298164774
120018071,7.3194566299366555
120018074,7.3592414527218
120018081,5.963951841206443
120018084,6.843396925002427
120018089,8.005122281973865
120018090,9.232979160775251
120018094,6.561747546488199
120018097,7.229904628045364
120018100,4.9636892988104915
120018102,4.377589211838643
120018107,8.126078000405641
120018108,9.166605354257786
120018114,3.5433280599981063
120018124,6.8397503939848185
120018126,7.137197179548381
120018129,6.379939805067304
120018132,6.065189475701372
120018133,4.782932596298311
120018139,4.446019940632661
120018140,5.004218707951899
120018146,1.9915793310343115
120018211,3.3689545826178393
120018212,8.536623844906885
120018379,7.3428757241468015
120018459,6.354471310224057
120019294,1.5312785998702632
120019371,1.480080477303476
120019636,4.244015525880547
120019638,2.9632152065017894
120019704,5.640926376608874
120019712,4.295766011633802
120019749,2.614335076625056
120019849,6.818294528650313
120019850,6.062584618382699
120019854,2.9383835470879114
120020199,5.668428250891921
120020204,6.0046444507954195
120020206,1.6362274045394045
120020208,6.194918145465583
120020210,8.081965059569727
120020211,6.927949911914192
120020218,8.247997551571508
120020226,10.641993695669083
120020240,4.678938179095749
120020242,6.06035322927121
120020334,4.533150532280174
120020343,4.572445188803285
120020354,2.798489033272396
120020367,7.664487097196492
120020373,6.091772093258694
120020387,8.117506639417188
120020800,6.500788724596882
120020805,5.621690874727835
120020844,7.142927635058143
121622699,2.728208995560966
121623043,3.39321902061334
121623126,4.901639266876164
121839184,2.3315198198226406
121860894,6.228118973457715
126212479,7.600447391853714
137059882,9.059946019389674
139268769,4.926751650654996
139269431,4.464415990367106
141288680,5.067832740503403
143249192,4.626479882798511
143249413,5.222223057535632
143249470,2.6343486446561095
143249640,2.604632972532483
143249864,4.638514830217746
143396594,12.223666716399455
143398250,10.587867430238433
143416561,1.6709920737094162
143418891,2.7244377679313008
151949699,6.951141496921551
152335372,3.8559373257469174
155442829,6.0610632101026205
155445200,4.1175345025554035
155635994,4.357522441164058
166867866,3.783945188762618
167256799,5.2079657039981315
167256807,5.866550966212647
32672122,6.138115261881356
34119718,11.161762834888291
34124239,9.211849822418989
34126002,7.559774512837642
34127708,5.81814862158974
34129366,10.03154276664661
34129544,6.115800408786557
34130489,11.61153600422605
34130604,6.416098771284791
34131191,7.812015684521677
34131278,5.36293759470647
34131807,5.431351251528408
37648633,4.285991931802412
45337711,10.062104668884778
45385910,4.377911040218089
45722930,5.662516568456702
45728298,5.50788580963001
45730390,3.8810839369940733
47726570,6.149036478014835
69886156,7.534210084349885
69886228,4.1026025960473875
69886510,4.866697124923947
70332223,8.909058082438108
70334209,5.456948978667219
70334219,8.581719044899417
74924599,4.950525539895661
75474779,7.575301142279705
75653667,7.407506011336377
75654673,1.6711530232266767
80005045,3.4464774585333156
81002103,4.645389160436868
86274695,4.080772537169151
86274749,10.283112896316108
86274823,6.481755103737365
86275133,4.1039089825820145
86275195,4.222291621480417
91593827,7.785246281126752
91594687,10.570110488692443
91594827,9.276132675519992
91594833,4.75266599309343
91595845,7.536618780045368
91597877,6.227104692164653
91683191,10.651993801695705
91684663,5.169758993172293
91684979,4.807949527877949
91685475,6.454912763012162
91687083,11.871407000464469
91687843,9.69125565408912
91688409,7.697286064677382
91688455,5.31612160560687
91688775,6.899598663257759
91690129,8.732269339739588
91690341,9.409642424777175
91691877,4.944585190637718
91692521,2.559174746363658
