0E445706-1F3E-47FA-8A83-D38E2C953307,4.719605316083373
105954753,4.930647133358978
120017988,3.165889596352451
120018006,7.7807193170264295
120018022,4.587472428123334
120018032,4.106468949659272
120018049,2.2346911734820565
120018059,2.542699489882548
120018071,4.8758382193192
120018074,4.709975746659233
120018081,2.2109367668400797
120018084,3.735474870091759
120018089,3.657856665867324
120018090,3.629946304109625
120018094,2.506384759374515
120018097,3.6758847259340817
120018100,1.7675897471427073
120018102,2.804591164732
120018107,5.755192685107153
120018108,5.511952952574529
120018114,2.5335143708597037
120018124,3.212529826951133
120018126,3.7472898416173304
120018129,2.2250272892929974
120018132,3.238514584386813
120018133,1.7464995169217985
120018139,2.162121311582915
120018140,1.8916401132116623
120018146,5.165951272806971
120018211,2.3776156876388215
120018212,5.545511100000336
120018379,4.008395930291138
120018459,2.281190501074558
120019294,5.500779221691308
120019371,4.669537153457015
120019513,5.546594943202495
120019636,2.8959953771879685
120019638,3.117279701624982
120019704,4.689797780826103
120019712,2.0875506578193215
120019749,4.492005440004539
120019849,3.868461990992218
120019850,3.6310288958146835
120019854,3.346232695179045
120020199,1.9763354049691564
120020204,2.957275568638655
120020206,5.173488685368103
120020208,3.22617658492687
120020210,4.419192294054946
120020211,2.345015186871839
120020218,5.715072247630477
120020226,7.378591653363351
120020240,2.096532990159201
120020334,2.070615216944357
120020343,2.767686853915574
120020354,4.087014018310469
120020367,3.54381012232492
120020373,2.5843716229659996
120020387,5.0751334911678905
120020800,3.2446966087755253
120020805,2.187325176577998
120020844,3.63630649092072
121622699,4.358124114154588
121623043,2.600856616988282
121623126,2.274063401042184
121839184,5.570026203500822
121860894,2.819843902748333
126212479,4.291244612934448
137059882,4.970562545474126
139268769,2.2943208346229915
139269431,2.7326088596412945
141288680,2.2677702275056926
143249192,2.149963837907301
143249413,1.9699788576560837
143249470,4.70845969935605
143249640,3.9003730842130646
143249864,2.050300024941732
143396594,10.379604710147719
143398250,7.014857434468743
143416561,5.15572346284223
143418891,5.01951171189559
151949699,4.394280045163069
152335372,2.3902035900285665
155442829,3.328361028062286
155445200,5.037659771063867
155635994,2.2430516727016876
166867866,3.1991393785384488
167256799,2.5528383433795985
167256807,3.2582499942369605
32672122,2.509254197784125
34119718,7.381283778665711
34124239,4.126301651879942
34126002,3.333845847953438
34127708,3.481975482407017
34129366,5.503094617793391
34129544,2.2098313923853574
34130489,9.330348663752911
34130604,2.9455639379995735
34131191,4.526293304806053
34131278,3.0099491428317204
34131807,2.3569808164351005
37648633,2.1028776454498397
45337711,7.721620132102369
45385910,4.515721210875123
45722930,2.0253302733162744
45728298,2.401354585248918
45730390,3.244478506517155
47726570,3.1798122217886653
69886156,2.8906963948605946
69886228,3.53725130531069
69886510,3.5619425126537214
70332223,4.286100510384202
70334209,3.3918497925936983
70334219,4.144227555403272
74924599,2.8137029464408125
75474779,3.255580332060659
75653667,4.848389728284868
75654673,5.652773654087348
80005045,2.2810718580523943
81002103,2.0141719850758744
86274695,2.5760157802966224
86274749,5.742285277117012
86274823,2.205421178660658
86275133,4.723938450652824
86275195,2.1746062667289694
91593827,3.6459308629172487
91594687,6.996861510831893
91594827,5.815872272765206
91594833,1.8461507932706185
91595845,4.983047544801292
91597877,2.1930639099319076
91683191,7.938230236103481
91684663,2.7207181387801884
91684979,2.2582449839217413
91685475,4.6221407777534465
91687083,7.683706614117816
91687843,5.34335463807516
91688409,3.9765634413102546
91688455,2.205322944289556
91688775,3.2244577828285963
91690129,3.8507875425120113
91690341,4.761596851645153
91691877,2.964050663724921
91692521,5.573694837588866
