0E445706-1F3E-47FA-8A83-D38E2C953307,2.7441220578827465
105954753,2.5863853985544267
120017988,4.392753712798573
120018006,11.764736108659447
120018022,9.053770876446997
120018032,2.181719936207945
120018049,6.104301990359456
120018059,6.350939976850202
120018071,8.467023459585498
120018074,8.304864274538263
120018081,6.088772106034953
120018084,7.463905738895273
120018089,8.068050945595411
120018090,8.472152315821475
120018094,4.297857401041638
120018097,7.498061736750807
120018100,4.907145617378319
120018102,4.1134493955607825
120018107,8.860944526440518
120018108,9.339551721024264
120018114,3.2251910996077244
120018124,7.219745002396172
120018126,7.3721311428408045
120018129,5.060628240443261
120018132,6.638440847211754
120018133,4.185416659175579
120018139,4.386265637725281
120018140,4.751868833995502
120018146,2.9685044768948017
120018211,2.959904762645307
120018212,8.967529062436391
120018379,5.958137949726432
120018459,5.744636658486524
120019294,2.948087056817636
120019371,2.2649258933933747
120019513,3.076049773632197
120019636,3.665034874219768
120019638,2.6133909539976594
120019704,3.8466958333716534
120019712,3.379624026823818
120019849,7.5067468009406175
120019850,6.340713915316703
120019854,2.5593995381561454
120020199,5.477700160558267
120020204,6.3610296761512695
120020206,3.0390994506626536
120020208,4.904855409830717
120020210,7.78366295503288
120020211,6.293487561451664
120020218,9.272455900303338
120020226,11.425488828020544
120020240,4.275024125958278
120020242,5.3951960195066055
120020334,3.559484458653902
120020343,2.996374700363319
120020354,2.0670488173121004
120020367,6.915869081415195
120020373,5.646542039295379
120020387,8.991137955803202
120020800,5.7022480522954835
120020805,5.695500084847092
120020844,5.697878625024274
121622699,3.6330870502043004
121623043,2.9883146974731893
121623126,3.788268122718684
121839184,3.048391506104083
121860894,5.1879023370552195
126212479,6.601563721921683
137059882,9.046314586724355
139268769,4.221642073978179
139269431,4.061380390697119
141288680,5.516258174363952
143249192,4.264463157862396
143249413,5.429183961792775
143249470,2.6274184209787057
143249640,2.384919032611022
143249864,4.526017848210883
143396594,13.721413083205146
143398250,11.188815596860271
143416561,2.8215526257651224
143418891,3.0584544026412783
151949699,5.334375177492225
152335372,3.7295806818926875
155442829,5.734837818494313
155445200,4.495883678630057
155635994,4.254276607653385
166867866,3.039852216384653
167256799,5.692662038516498
167256807,6.077091093921567
32672122,5.484636769291824
34119718,11.889899010345596
34124239,8.12904770555199
34126002,7.252774709720945
34127708,6.624096479484107
34129366,10.38143726457085
34129544,6.605640488570631
34130489,13.022805218325281
34130604,6.80397928786066
34131191,6.62712302616985
34131278,5.960149241924626
34131807,4.3436639739193605
37648633,4.235774589879798
45337711,11.30931356586216
45385910,3.002868245931297
45722930,5.7244383656472255
45728298,5.773110704631817
45730390,3.5344032096675395
47726570,6.884205430228277
69886156,7.298328338617991
69886228,3.7046242182828704
69886510,4.106201434091743
70332223,8.428359614358538
70334209,3.7823868230100937
70334219,7.646531505211236
74924599,4.763395433268711
75474779,6.893174388212159
75653667,8.900403957387189
75654673,3.171280602074177
80005045,4.124805355625646
81002103,4.665044505257333
86274695,3.576902233138664
86274749,9.76278853678352
86274823,5.523096687667146
86275133,2.7666257751194006
86275195,4.356754539048793
91593827,7.304563027780763
91594687,11.308027772803785
91594827,9.55082194643927
91594833,4.8586153152503755
91595845,8.373438099858973
91597877,5.967741598107803
91683191,11.506636733764704
91684663,3.846072905804654
91684979,5.218578308640354
91685475,7.159286702809576
91687083,12.444351889943254
91687843,9.744564170589909
91688409,7.952936643744908
91688455,5.131394310719294
91688775,5.259485358891069
91690129,7.807974594472392
91690341,9.134632287393512
91691877,4.864480796549889
91692521,3.2303812738902753
