0E445706-1F3E-47FA-8A83-D38E2C953307,3.3686248311778497
105954753,3.992539752959836
120017988,2.34573496514047
120018006,9.69136348099532
120018022,7.017980070065146
120018032,2.440529903190857
120018049,3.9447439626268417
120018059,5.028555405406376
120018071,6.244710560207397
120018074,5.9398382944650585
120018081,3.6335869238871936
120018084,5.525647923580327
120018089,6.0396710625962555
120018090,7.056246736501384
120018094,3.662500736065997
120018097,5.810291006806902
120018100,3.098581032705854
120018102,3.3013175967875963
120018107,7.113708519295333
120018108,7.700507830168994
120018114,2.0515253306106374
120018124,6.02982277778625
120018126,5.682362353369463
120018129,3.7121048396651344
120018132,4.842779305676803
120018133,2.623572224318717
120018139,2.4696542923386526
120018140,3.1230870473265435
120018146,3.280464832789957
120018211,1.8815576305374724
120018212,7.440465763543038
120018379,5.4542690678077355
120018459,4.356474727762053
120019294,4.283364746378074
120019371,3.503352399001555
120019513,4.278027313629965
120019636,1.9876224282482906
120019638,2.122881097046978
120019704,3.6871334848743924
120019712,3.0425000123895187
120019749,2.438647056877014
120019849,5.829489369789774
120019850,5.233677031102453
120019854,2.5483192656562026
120020199,3.6569285045207183
120020204,4.631844391280036
120020206,4.155021868110915
120020208,3.588096600547157
120020210,6.43368465398739
120020211,4.758472465608188
120020218,7.359005198922497
120020226,9.468941489311538
120020240,2.361891863057996
120020242,3.164365987978305
120020334,2.247074669596012
120020343,1.7743190706860792
120020354,2.334584831188437
120020367,5.943266486468331
120020373,3.8464806519460057
120020387,7.234274163980351
120020800,3.19084535832649
120020805,4.1388094330582135
120020844,4.659590982954713
121622699,3.317753393783901
121623126,2.1414125426462918
121839184,3.820923181622649
121860894,4.139196432141235
126212479,5.9087219744159025
137059882,6.894852786478952
139268769,2.4935858942432487
139269431,2.140205548618387
141288680,2.755392444464366
143249192,2.2444299343963237
143249413,3.30134865579995
143249470,2.6577840963372465
143249640,2.006889157339595
143249864,2.3664007803785534
143396594,11.485644961324525
143398250,9.38272835442517
143416561,3.773042764419496
143418891,3.6379725412004222
151949699,3.8890981946927847
152335372,1.6982121555664944
155442829,3.8642783361308686
155445200,3.312267432765372
155635994,2.238599857662415
166867866,2.2999197826840514
167256799,2.712069128822353
167256807,3.7534519253765852
32672122,4.097060517729036
34119718,10.00683725791749
34124239,6.679753926792981
34126002,5.78229453577187
34127708,4.818393861836097
34129366,8.159083401026235
34129544,4.05941325644068
34130489,11.292040919125228
34130604,4.87715781466571
34131191,5.983793818563692
34131278,4.221424652761969
34131807,3.1923663255933112
37648633,2.4253663567380856
45337711,9.764449756185888
45385910,2.5435829226192497
45722930,3.886367689665003
45728298,3.2702385457496677
45730390,2.700669513019035
47726570,4.783483064389271
69886156,5.159070946857249
69886228,2.6372162485401893
69886510,2.7445954779582755
70332223,5.771775386812906
70334209,1.7570687221440444
70334219,6.362152961826442
74924599,2.9476017402241705
75474779,5.751281489757945
75653667,6.0377620729226535
75654673,3.9709840958416454
80005045,2.000015308160584
81002103,2.650353674503207
86274695,2.341331764096271
86274749,8.66573589924037
86274823,3.6171556379304057
86275133,2.833648915719508
86275195,2.4050303794290366
91593827,5.5390898449856545
91594687,9.259605896905569
91594827,8.485344430704115
91594833,2.6756765732847074
91595845,6.8524993202606534
91597877,4.316580203001098
91683191,9.973734893928528
91684663,3.379185670899661
91684979,2.8288937028549306
91685475,5.506969610677434
91687083,10.951569680058682
91687843,8.350613830971977
91688409,5.921818090904929
91688455,3.3996419724965046
91688775,4.195381215403589
91690129,6.792153416260325
91690341,7.757835509655659
91691877,3.2079164512912697
91692521,3.8689428641890364
