0E445706-1F3E-47FA-8A83-D38E2C953307,2.756648172264838
120017988,5.603820460637199
120018006,10.291446263759559
120018022,8.533879422601164
120018032,3.0168672833302614
120018049,5.787000812731457
120018059,6.66773293191783
120018071,7.068378845517702
120018074,7.0088337363806055
120018081,5.72442053262912
120018084,6.647641371432981
120018089,7.751495967457191
120018090,8.851336608453275
120018094,6.741262383895248
120018097,7.142823584019759
120018100,4.956381585974431
120018102,4.9187967189464175
120018107,8.082645253301639
120018108,9.02158807501821
120018114,3.618468904703076
120018124,6.764057166051849
120018126,7.131892714052677
120018129,6.6185321607752465
120018132,6.0440976710178544
120018133,4.604540508763649
120018139,4.5778200117403935
120018140,5.174637646980567
120018146,2.6767633743700423
120018211,3.313256450487536
120018212,8.204218240805016
120018379,8.016969161682104
120018459,6.67024040186196
120019294,2.114729103529451
120019371,2.131255123944436
120019513,2.0004802878188
120019636,3.9311340800552
120019638,3.5445572907809817
120019704,5.948841823726707
120019712,4.8885747113681575
120019749,3.552599325112287
120019849,6.894297918789318
120019850,6.576180032445571
120019854,4.094386359609329
120020199,5.578266042194532
120020204,5.904126302605308
120020206,2.406032963402188
120020208,6.30549927389665
120020210,8.043148982803336
120020211,6.92529745118341
120020218,8.091631546071339
120020226,9.88480051607491
120020240,4.998758768296063
120020242,6.121848556215266
120020334,4.906183248577839
120020343,4.805439886387037
120020354,3.314858793800034
120020367,7.79167434618887
120020373,6.330056959245328
120020387,7.915452560862044
120020800,6.0223182628338865
120020805,6.084149048674987
120020844,7.101642703715011
121622699,4.266516639577838
121623043,3.6426029727677
121623126,5.172505894064764
121839184,2.948865755165034
121860894,6.4300942886296815
126212479,7.985312886602196
137059882,8.55687520953517
139268769,5.017746530851919
139269431,4.766798127308547
141288680,5.381810602100121
143249192,4.771958043849057
143249413,5.287950682869612
143249470,2.578469575704319
143249640,2.8442637498758034
143249864,5.005671202100374
143396594,11.435460847807557
143398250,9.984652824455722
143416561,2.380168309945853
143418891,3.1129278812129555
151949699,6.64363882571314
152335372,4.37709141589457
155442829,6.202229598725587
155445200,3.9756295172959444
155635994,4.609881696878731
166867866,4.193476268927876
167256799,4.437288033559584
167256807,5.682380971424861
32672122,6.457999135065742
34119718,10.350466929661621
34124239,8.482993984632621
34126002,7.4933396303718345
34127708,5.834045394753804
34129366,9.236695015297752
34129544,5.7348492936939035
34130489,11.522597150273139
34130604,6.1228039501783496
34131191,8.60613340283772
34131278,5.592136315645883
34131807,5.772200524751021
37648633,4.794805622591846
45337711,10.038366653576452
45385910,4.739034805629437
45722930,5.503408886137144
45728298,5.623227432967787
45730390,4.640227964792589
47726570,6.05201001807351
69886156,7.274843431517382
69886228,4.392209184560232
69886510,4.636981642186118
70332223,8.085230179720817
70334209,5.223231583603416
70334219,8.129630544805057
74924599,5.499036296970241
75474779,7.531788821633648
75653667,7.035704302061418
75654673,2.2785887488412433
80005045,4.0308167218539666
81002103,4.8903053381667725
86274695,4.590026163632478
86274749,9.848355126652883
86274823,6.37867694812023
86275133,4.736063166360681
86275195,4.678511532570904
91593827,7.504056322385727
91594687,9.696022415963089
91594827,9.240221541622066
91594833,4.709423484996849
91595845,7.535955313879272
91597877,6.411107433522846
91683191,10.152263224333646
91684663,5.953332512127171
91684979,4.5370385661484836
91685475,6.487727261423309
91687083,10.858820756927042
91687843,9.257382081581891
91688409,7.638229874448664
91688455,5.205097824156259
91688775,6.770664108449027
91690129,8.785941420900135
91690341,9.173828020486274
91691877,5.244611337837673
91692521,2.775956697317191
