0E445706-1F3E-47FA-8A83-D38E2C953307,5.607970104607081
105954753,7.582978304117262
120017988,3.8322123192479447
120018006,7.439422892738088
120018022,5.125671126785778
120018032,5.769012736161239
120018049,1.687978301606093
120018059,2.6186619090040124
120018071,3.619968310207671
120018074,3.38428479735455
120018081,1.9698284945444
120018084,2.9502700403130113
120018089,4.338514531183355
120018090,5.431448807624127
120018094,4.481496202762081
120018097,3.1077927183932212
120018100,1.8880331917343878
120018102,3.0273747296180766
120018107,5.0651525763591465
120018108,5.7436090564190865
120018114,3.5864758404788137
120018124,2.4060048016005315
120018126,3.527988195407784
120018129,3.1595397320543857
120018132,2.385432276249067
120018133,2.6357288917579758
120018139,3.2145880957718367
120018140,2.1624712813426274
120018146,7.084144365388387
120018211,4.270366134504236
120018212,5.288481839799987
120018379,5.64944096417544
120018459,3.0707010101790395
120019294,7.790778932458291
120019371,6.77554835955472
120019513,8.83509856789117
120019636,4.123780235169318
120019638,4.236597381901716
120019704,4.964175522553386
120019712,2.919537269038316
120019749,5.518237431721022
120019849,2.816740213620909
120019850,3.3558165752161835
120019854,4.162692652497332
120020199,1.7885494051101063
120020204,2.3990566375099376
120020206,7.340495539241632
120020208,3.8147706319027503
120020210,4.588188213389007
120020211,3.09920429136769
120020218,4.765121365824168
120020226,6.774384087022922
120020240,2.6437184530868976
120020242,2.791155093525275
120020334,3.107115390611295
120020343,3.853980612542703
120020354,5.235424331142253
120020367,4.456873916920278
120020373,2.897022613404767
120020387,4.237572693236337
120020800,3.451474588913666
120020805,2.021088806947156
120020844,4.288536258728516
121622699,5.250798321970079
121623043,3.984903176691539
121623126,2.8345269379836995
121839184,6.8200244601606705
121860894,2.8198674849479204
126212479,4.822063597986608
137059882,5.047851252043079
139268769,2.7972306830204388
139269431,2.7653030617958443
141288680,2.0066551985529
143249192,2.3588366690064153
143249413,1.8649372756699585
143249470,5.82994701774988
143249640,5.513906058743068
143249864,2.62702574537561
143396594,9.890970102259187
143398250,6.832725032536259
143416561,7.839383161065401
143418891,5.912234611330495
151949699,5.317822759833343
152335372,3.297512065377034
155442829,3.403921199397675
155445200,4.591166063117219
155635994,2.6428648313416043
166867866,4.014124689846672
167256799,3.4016147124912273
167256807,3.161018329912178
32672122,3.159189569689174
34119718,7.228700788127543
34124239,5.092983163756987
34126002,3.5065717983229048
34127708,2.719158808775509
34129366,6.001674059407369
34130489,9.10722248242721
34130604,2.1249054024105445
34131191,5.89645453591354
34131278,2.5138666339084144
34131807,2.816022281617259
37648633,2.905889921052871
45337711,7.734306870955431
45385910,4.976944900816196
45722930,1.6708398217265843
45728298,2.4813267446598513
45730390,4.624427305241787
47726570,2.1137787025454022
69886156,3.3272527495653494
69886228,3.4413154372227064
69886510,3.8923384756940957
70332223,5.182429420021766
70334209,4.497029929045577
70334219,4.857991818799056
74924599,2.9292111845503404
75474779,3.6358714332213387
75653667,3.558855370604578
75654673,7.881701315908532
80005045,3.1663030128692657
81002103,2.218924016213531
86274695,2.757346657145959
86274749,7.085501748070431
86274823,2.939456078133569
86275133,4.92748727708752
86275195,2.636382016338462
91593827,4.375785228815963
91594687,6.460946733914368
91594827,5.9836440975617595
91594833,2.3413961383333532
91595845,4.05862096020797
91597877,2.6027433926103085
91683191,7.362361861832449
91684663,3.293736723548626
91684979,2.55352101554617
91685475,3.625844757944241
91687083,7.996933961925126
91687843,5.78560617564803
91688409,3.701022902565658
91688455,2.1218571299146847
91688775,4.024126161930658
91690129,5.336180522667818
91690341,6.13629083211882
91691877,2.1458222487122742
91692521,7.4600626069488865
