0E445706-1F3E-47FA-8A83-D38E2C953307,4.161280028007114
105954753,6.558091927568068
120017988,3.8627917520592607
120018006,8.129296815528368
120018022,6.8434076763851985
120018032,3.8250597558204786
120018049,2.295186585067762
120018059,4.041051823983317
120018071,4.06810134814389
120018074,3.9351438122017286
120018081,3.0786983446263796
120018084,3.497321727441296
120018089,5.967020916491844
120018090,6.9996926031143705
120018094,5.5761274046149305
120018097,4.077598414736655
120018100,1.4570221098765697
120018102,2.578826976684917
120018107,5.646144159059978
120018108,6.743105428367836
120018114,1.9957518510906171
120018124,4.026052276233422
120018126,4.5921649156676505
120018129,4.075952786453958
120018132,2.974419598912173
120018133,1.6708786887687972
120018139,2.1659332841077577
120018140,2.2210804574172283
120018146,5.28592201196291
120018211,2.835164700686169
120018212,6.24235559665155
120018379,6.741830051974093
120018459,4.073928293670665
120019294,6.339785781717103
120019371,5.0062282041685595
120019513,7.587698815507426
120019636,2.834920982869777
120019638,2.668091421939218
120019704,4.5548044498619555
120019712,2.7220007146914638
120019749,3.2760705635199323
120019849,3.910579260045099
120019850,3.946293956319664
120019854,2.7198107045283257
120020199,2.3197663191064866
120020204,2.906664613038302
120020206,5.949416797018749
120020208,4.2493833045953355
120020210,5.774714653541266
120020211,4.162996702789495
120020218,5.630871026824475
120020226,7.457532162872968
120020240,2.411421489249837
120020242,3.83872718126617
120020334,2.8325390771069228
120020343,3.4316863111783555
120020354,3.3910195394159888
120020367,5.8459673220600425
120020373,3.4211583263951484
120020387,5.175973134114923
120020800,3.8109351143125854
120020805,2.917259981370831
120020844,4.699142286913863
121622699,3.68041553263923
121623043,2.4265897109641745
121623126,2.7124527548337976
121839184,5.070824115287425
121860894,3.460942460493687
126212479,5.560218692828705
137059882,6.024928464140228
139268769,2.7601248047290405
139269431,1.3732998811885773
141288680,1.393185249089143
143249413,1.669062884953295
143249470,3.7944090045658716
143249640,3.8713361376764563
143249864,2.2067791629540436
143396594,10.289490497693151
143398250,7.64538176886608
143416561,6.5506059697076875
143418891,4.1287155055577545
151949699,5.5293149295710755
152335372,1.8225071673514464
155442829,3.5271435918775427
155445200,3.5037563660916407
155635994,1.5286763624392403
166867866,2.251905677476838
167256799,2.5597200320184252
167256807,3.2773347845695833
32672122,4.417271695079729
34119718,8.072978455145082
34124239,6.347590791103949
34126002,4.841994235263171
34127708,3.1022192187751343
34129366,7.46760180973444
34129544,2.3519856367984824
34130489,9.585187966432953
34130604,3.024166036032358
34131191,6.9763647595994
34131278,2.7993936138007087
34131807,3.533524199721841
37648633,2.431215616240176
45337711,8.57143076605894
45385910,4.18017036916149
45722930,2.038361030266233
45728298,2.1287829929920417
45730390,3.3054406320560807
47726570,2.6789928493798283
69886156,4.721336392416168
69886228,1.8249620851611497
69886510,2.5312832145232096
70332223,6.150904487806928
70334209,4.436250226751955
70334219,5.832481921558439
74924599,1.9619853344276355
75474779,5.007745237846763
75653667,4.185154899889065
75654673,5.725462489710597
80005045,2.5310269965251853
81002103,1.723812539095399
86274695,1.6661736387779174
86274749,8.537058709851777
86274823,3.7766229016193074
86275133,3.771203754367836
86275195,1.8420545154527481
91593827,5.772622811121843
91594687,7.419490603992182
91594827,6.911707769483766
91594833,1.6443257068253025
91595845,4.6698711824952035
91597877,3.8349174978277745
91683191,7.86017306904845
91684663,3.8101650968164478
91684979,2.0970579237763887
91685475,3.7384544802369986
91687083,8.909082980468721
91687843,6.998535293829457
91688409,4.56444355016382
91688455,1.8369723699544453
91688775,4.702844432271314
91690129,6.543210371628613
91690341,7.5111656741435056
91691877,1.6113593912537085
91692521,5.59766365623175
