0E445706-1F3E-47FA-8A83-D38E2C953307,3.9580819818360826
105954753,3.0744588612714283
120017988,1.7691398759065209
120018006,2.600836654344252
120018022,2.317740174894352
120018032,2.019236354796932
120018049,2.058241539360337
120018059,2.0899488321048594
120018071,1.9679154367657683
120018074,1.5814258629159132
120018081,2.186005083867484
120018084,2.156464064397748
120018089,1.9710468297144674
120018090,1.702410923459946
120018094,1.3950067522623129
120018097,1.6436833571018308
120018100,2.6083203553573293
120018102,2.335331976829386
120018107,1.9932053030579686
120018108,2.0386226321051466
120018114,2.778437858442897
120018124,1.9437233938563185
120018126,2.5894130651384057
120018129,1.6078940234668226
120018132,2.121019930806668
120018133,2.3073691286346976
120018139,1.8434734185787438
120018140,2.3456677663811507
120018146,2.068187405437167
120018211,2.3903527880744466
120018212,2.417984934657355
120018379,1.5147111411182395
120018459,2.4270971190900466
120019294,3.4945046993634596
120019371,3.297859625622624
120019513,2.9962362302734085
120019636,2.1910546716225445
120019638,2.935758873685366
120019704,1.898540572095171
120019712,1.912946835673979
120019749,2.2124591720515094
120019849,2.6173613131020614
120019850,2.4476521017387602
120019854,2.569313904433531
120020199,1.9330501229704593
120020204,2.0283345520308034
120020206,2.1515488002063803
120020208,1.4189458166932245
120020210,1.681266049849871
120020211,1.7494340956324923
120020218,2.171516024369327
120020226,2.2470608182495404
120020240,1.9954606341587067
120020242,1.5937433215011207
120020334,1.8565372950027093
120020343,1.7182724094176842
120020354,1.8904412475123973
120020367,1.7966578203000774
120020373,2.230834436968378
120020387,2.667759582952908
120020800,2.6764057418114118
120020805,2.114889680135047
121622699,2.13089765616748
121623043,1.9323309858960307
121623126,1.5737723103448074
121839184,1.8313250934979177
121860894,2.7039247994006064
126212479,2.2537909481239584
137059882,1.9879311492815344
139268769,1.9132529528838664
139269431,2.580696063286735
141288680,2.102676233267995
143249192,2.5455985141117106
143249413,2.550391703689035
143249470,3.606623916399411
143249640,2.937585077168468
143249864,1.7948282966792835
143396594,3.545737012163377
143398250,2.845174776939307
143416561,3.171228801580933
143418891,3.782384328928154
151949699,1.9315455675502406
152335372,2.6023677162595353
155442829,3.5041556925545416
155445200,4.380280152943085
155635994,2.815326261013086
166867866,3.369608254709824
167256799,2.2462840745783
167256807,2.3723073001303465
32672122,1.7852072001490336
34119718,1.9376340775307737
34124239,1.4780251003577223
34126002,2.2148483507254153
34127708,1.8503074831481086
34129366,1.9992550516411927
34129544,2.632407309669643
34130489,3.8036259846153664
34130604,1.9851608635751075
34131191,1.7344631835478976
34131278,2.152765690277204
34131807,1.8879708827048776
37648633,1.693789447882435
45337711,3.3255646764810636
45385910,1.6708360526924548
45722930,2.425179225928876
45728298,2.101648939055931
45730390,2.207520514106323
47726570,2.717284330210115
69886156,1.9856226536258141
69886228,3.439864447926719
69886510,3.0296860795122735
70332223,2.5955680824707916
70334209,2.114243334377828
70334219,2.1650552614794756
74924599,2.907928770949856
75474779,2.1227569050892727
75653667,3.241011706189608
75654673,2.2316781860633355
80005045,2.5910456639537722
81002103,2.0028123559669755
86274695,2.336904977353426
86274749,1.8124554140331126
86274823,2.153456424400946
86275133,1.8035889785442614
86275195,2.2804908028977198
91593827,1.826996432468677
91594687,2.2681778460971715
91594827,2.2618432571688913
91594833,2.154838755616981
91595845,2.2079583190662886
91597877,2.219030073697657
91683191,2.0165902130650584
91684663,2.34525794662436
91684979,2.2234943166034613
91685475,2.018805461184212
91687083,1.5091626779939533
91687843,1.5487011949258138
91688409,1.961955071957579
91688455,2.1760218197286645
91688775,1.6785272292553621
91690129,1.4073272103631835
91690341,2.0131628732737776
91691877,2.490886519500931
91692521,2.8008376729138664
