0E445706-1F3E-47FA-8A83-D38E2C953307,5.65331563467504
105954753,7.630529382592267
120017988,4.412115848235608
120018006,7.347085969174248
120018022,5.6532195246738635
120018032,6.358736980792463
120018049,1.7049335393896157
120018059,3.414976577530399
120018071,2.8026095497425416
120018074,2.8654685524478314
120018081,2.304558676901623
120018084,1.7366755387645705
120018089,4.546852333144901
120018090,6.3430113645712565
120018094,5.368300738065721
120018097,2.7896921523372824
120018100,2.6604033311553903
120018102,3.4982097816812225
120018107,4.098227891949163
120018108,5.504426030041515
120018114,4.231277623382842
120018124,1.8557885328641237
120018126,3.0158099813159573
120018129,3.983244939377723
120018132,1.3854769162809966
120018133,2.916642090210323
120018139,2.831387433151788
120018140,2.872182989377775
120018146,6.694535522877449
120018211,4.716017354471183
120018212,4.710131443873821
120018379,6.263403381794578
120018459,3.755178704828093
120019294,6.7902356739415595
120019371,6.866002151310472
120019513,8.213470070149272
120019636,3.947194161825128
120019638,5.252401872610471
120019704,5.504395925077986
120019712,3.9499513604295844
120019749,5.6283051515739935
120019849,2.2728518648053324
120019850,3.221760182389659
120019854,5.294288707291965
120020199,2.0789642588869888
120020204,1.7361552681931862
120020206,7.432743834861793
120020208,4.288156032610208
120020210,4.591769788596576
120020211,3.8534792906534237
120020218,4.355659397926698
120020226,6.697286281149079
120020240,4.214357276421576
120020242,3.7145218829139637
120020334,4.233407990458329
120020343,4.901540475501589
120020354,6.177315049437983
120020367,4.835087288029162
120020373,4.001919763859355
120020387,3.8329585040667795
120020800,4.20336764059564
120020805,2.1440689134159063
120020844,4.982542195625817
121622699,5.914217238932929
121623043,4.589439280532658
121623126,4.259534224474419
121839184,6.385482981167918
121860894,3.6173781472835684
126212479,5.0228021281078705
137059882,5.521635625032973
139268769,3.3828102664203867
139269431,3.430638845542932
141288680,2.648771689769174
143249192,3.346450588710895
143249413,2.1241962941822736
143249470,5.8825765140045565
143249640,6.078890200929615
143249864,3.092052958566171
143396594,9.715088076610215
143398250,6.860831535111201
143416561,7.374389502324004
143418891,5.2667013060270715
151949699,6.177320539299143
152335372,3.9939400127505977
155442829,3.7295548361272304
155445200,3.899696517482115
155635994,3.7115942312979624
166867866,4.443690092466837
167256799,2.954741458167701
167256807,2.8708824558638324
32672122,3.7523164858134703
34119718,7.207263786898695
34124239,6.150771427933654
34126002,3.9805473477444417
34127708,2.104701487442943
34129366,6.538867348145754
34129544,1.8415938806130505
34130489,8.171572829962647
34130604,1.7060254960431835
34131191,6.861491704577488
34131278,1.9688793570687502
34131807,3.5845818685786344
37648633,3.4465342560895316
45337711,6.979392682637624
45385910,5.291058748261152
45722930,1.643011899163446
45728298,2.6172868881956814
45730390,4.716447970315937
69886156,3.5567599489941832
69886228,4.069904854766422
69886510,3.19124628418445
70332223,5.989342777885593
70334209,5.1207250145143375
70334219,5.886444017506572
74924599,2.9150121325789873
75474779,4.0660408351581605
75653667,4.37256543377388
75654673,7.244886110360615
80005045,4.027481479802179
81002103,2.8401730333839303
86274695,3.816915258702921
86274749,7.723085901215417
86274823,3.6922382624812338
86275133,5.03235504825402
86275195,3.3235649053166876
91593827,4.779223186158381
91594687,6.4689977241451055
91594827,5.338809726656065
91594833,2.687425284846775
91595845,2.820328385271288
91597877,2.8460955683791385
91683191,6.886189162138114
91684663,4.374610122110267
91684979,2.4633736061197697
91685475,2.1534487879087556
91687083,7.895975166353265
91687843,5.728866820757977
91688409,3.3784720192984286
91688455,2.3422950411687102
91688775,4.874068426375196
91690129,5.692367009388609
91690341,6.2543939154432255
91691877,2.8775669551109595
91692521,6.597407133805029
