0E445706-1F3E-47FA-8A83-D38E2C953307,5.791028446742478
105954753,6.507792959397321
120017988,3.764337003636703
120018006,7.41129688038929
120018022,3.77905408159898
120018032,5.774817749096929
120018059,2.3343531771060375
120018071,3.5314952048689445
120018074,3.3819552370596164
120018081,1.157405065188414
120018084,2.633649654831267
120018089,2.760645229574915
120018090,4.162739975032967
120018094,2.973525106136995
120018097,2.648796036356897
120018100,1.7996614501079444
120018102,2.765329650756262
120018107,4.465350687314815
120018108,4.993471565586209
120018114,3.62345004464995
120018124,1.8385624835081933
120018126,2.5553614679599557
120018129,2.526612864631195
120018132,1.848623562112464
120018133,2.3817033160729277
120018139,2.509654228728978
120018140,2.152500098751117
120018146,6.659434489195802
120018211,3.5786890746476923
120018212,4.638513327579517
120018379,4.507730639004754
120018459,2.6973564372456305
120019294,6.9727596080672765
120019371,6.071531712534354
120019513,7.25262163200456
120019636,3.9307674805267863
120019638,4.051685877737653
120019704,5.3997456171015115
120019712,2.8590431151047873
120019749,5.7221591262154545
120019849,2.597128439530042
120019850,2.9633808748196273
120019854,4.242680460739753
120020199,1.121786940969129
120020204,1.7325363641407092
120020206,6.9557009684549085
120020208,3.395479771028921
120020210,3.6388973303455483
120020211,2.4730336109963824
120020218,4.508682161219725
120020226,6.790466032884333
120020240,3.09640550087094
120020242,1.8359605483171477
120020334,3.185085215149152
120020343,3.8144097770824197
120020354,5.390036140937556
120020367,3.277410745822962
120020373,2.7747090482180528
120020387,4.018070517828138
120020800,3.345690324957541
120020805,1.4084320223209112
120020844,4.2555829087056285
121622699,5.4131131708203855
121623043,3.7115108506778287
121623126,2.8257674526133374
121839184,7.112528214016575
121860894,2.6108363452010592
126212479,4.362252776237709
137059882,4.564023468437892
139268769,2.6043317402505433
139269431,3.233158210054551
141288680,1.9979773149460256
143249192,2.5026538246454675
143249413,1.8909973334509613
143249470,5.866903181189621
143249640,5.06259288683975
143249864,2.5109092980417187
143396594,9.541179726836607
143398250,6.700600400604702
143416561,6.668984046420832
143418891,6.011125400202233
151949699,5.102303185418
152335372,3.1818215147565283
155442829,3.5511728103901397
155445200,4.998469863955008
155635994,2.7621438106680434
166867866,4.047705081645199
167256799,3.035530834218698
167256807,3.181742967601005
32672122,1.7113735301628696
34119718,7.169183470286021
34124239,4.465811043429365
34126002,3.050133286039658
34127708,2.1087992040563828
34129366,5.174643234477875
34129544,1.469952295454763
34130489,8.810348019963266
34130604,1.604890589516305
34131191,4.758874554647966
34131278,1.9597853936624074
34131807,2.3802310848583477
37648633,2.8134314549965556
45337711,7.102336496285078
45385910,5.502313453894424
45722930,1.4309326553889563
45728298,2.497545324736771
45730390,4.237675215884765
47726570,1.8539923455952794
69886156,2.2282556033274763
69886228,3.9481530280174373
69886510,4.341622819434028
70332223,4.596407754829285
70334209,4.300879723382171
70334219,4.491172990999876
74924599,3.156231824881858
75474779,2.9280774472694096
75653667,3.6260282594748334
75654673,7.449270859911989
80005045,2.6589515787955387
81002103,2.250243378022436
86274695,3.1790414609514945
86274749,5.942676024034028
86274823,2.4933892856656126
86275133,5.707223997423896
86275195,2.6400290489704257
91593827,2.8268819906170934
91594687,6.517204477512165
91594827,5.410587223685552
91594833,1.6691723962377112
91595845,3.835738511214219
91597877,1.4959410666365485
91683191,7.348388923048349
91684663,3.008868317186792
91684979,1.9264444708285513
91685475,3.2770347178389154
91687083,7.933793095715148
91687843,5.184608950337214
91688409,3.014381690696049
91688455,2.355640486543752
91688775,3.598534132714934
91690129,4.382581622075236
91690341,4.748840970200984
91691877,2.6574657714139267
91692521,7.2232048534422715
