0E445706-1F3E-47FA-8A83-D38E2C953307,3.3149080918580105
105954753,2.9331354319926293
120017988,2.4580967626777768
120018006,7.213258838154829
120018022,4.475192132251907
120018032,2.645896808257538
120018049,2.1797197091127245
120018059,2.263028586004545
120018071,4.812121932019155
120018074,4.788208624770997
120018081,2.4410378372537056
120018084,3.501240867107194
120018089,3.691011947897891
120018090,2.438222248707249
120018094,1.7289828073978408
120018097,3.6514492525769753
120018100,1.7732193307970832
120018102,2.257607383629647
120018107,5.510519349186433
120018108,4.716413915661656
120018114,2.0833185294125576
120018124,2.7810550422292506
120018126,3.792959650091314
120018129,1.8039897675049514
120018132,3.03717141148913
120018133,1.7213247209552593
120018139,1.7146772003439292
120018140,1.7402067120154794
120018146,3.004845297232836
120018211,1.6832631233631037
120018212,5.294122759717217
120018379,2.7505764899715848
120018459,1.9974806447827786
120019294,3.4316024852062474
120019371,2.919068455716056
120019513,3.2319353459524045
120019636,1.8589859532628545
120019638,2.486538666577475
120019704,3.0594177736345345
120019749,2.6932597778765426
120019849,3.6311203933800416
120019850,3.750878090783726
120019854,2.4805711864653235
120020199,1.9217233600081716
120020204,3.124846380066328
120020206,3.0966094117777256
120020208,2.0346540367401693
120020210,3.90942415680961
120020211,1.6771304024936668
120020218,5.866953095646694
120020226,6.186128665656647
120020240,2.0291516731593973
120020242,1.808883989939669
120020334,1.6048410784918146
120020343,1.9945597699330933
120020354,2.8308970337499755
120020367,2.7925173919131088
120020373,2.302547796939511
120020387,4.397307686390228
120020800,2.832959284434081
120020805,2.2451410785327695
120020844,2.547949274102208
121622699,2.8040902583410157
121623043,2.0815179525287815
121623126,1.6425512226508923
121839184,3.18151007243212
121860894,2.5936635613672148
126212479,3.2861942734301626
137059882,4.513858847856273
139268769,1.6995060625292584
139269431,2.431144976258644
141288680,1.8530258127093278
143249192,1.9925541895729202
143249413,1.8848364721261994
143249470,3.323943201509839
143249640,2.8892476848683017
143249864,1.7350887124880554
143396594,10.00100156529897
143398250,5.8078940135181
143416561,3.124858439101548
143418891,3.5802275566034036
151949699,3.036370482472471
152335372,1.9764196898667723
155442829,3.1839773438688344
155445200,3.8190340624840218
155635994,2.26928075227138
166867866,2.7234355633836493
167256799,2.266465820915896
167256807,2.4972231997213585
32672122,2.366198220332111
34119718,5.9457801673812
34124239,2.5157342272654204
34126002,2.5999553867498215
34127708,3.5172886842147184
34129366,4.790591007279559
34129544,2.048032084736682
34130489,8.226469242958043
34130604,2.7954613812025766
34131191,3.63247106692434
34131278,2.750932519697309
34131807,2.0060891439855673
37648633,1.6039734929236404
45337711,7.619529447630678
45385910,2.767593055416013
45722930,2.1410474968946986
45728298,2.1672489037820837
45730390,2.655172957353856
47726570,2.8948275633267935
69886156,2.4719014359455254
69886228,2.9478853369848013
69886510,2.7427220684504716
70332223,3.3646069205290967
70334209,2.2894464467170152
70334219,2.512070884468186
74924599,2.5687029627862423
75474779,2.5826720003547745
75653667,5.334417389880818
75654673,3.1906491125512675
80005045,2.0141310627119897
81002103,1.8957078941447112
86274695,2.25138747472958
86274749,3.880674903303919
86274823,1.8515962962820254
86275133,2.8154533203163643
86275195,2.035348229450922
91593827,3.437339270990254
91594687,5.7481492932336975
91594827,5.0192728404845415
91594833,1.708244024849297
91595845,5.073611107130752
91597877,2.2205874605066342
91683191,6.847220344202102
91684663,2.3152220465226887
91684979,2.249601826303422
91685475,4.269268612817869
91687083,5.881809617965079
91687843,3.7349830142262186
91688409,3.6582616930575718
91688455,2.174675870304765
91688775,2.4127706997227043
91690129,2.7313472854585616
91690341,4.253864096951244
91691877,2.2186394799884734
91692521,3.4285546741588524
