0E445706-1F3E-47FA-8A83-D38E2C953307,3.5576245822951864
105954753,3.125928174605016
120017988,2.705457150033394
120018006,5.069685364171321
120018022,3.251065445309976
120018032,3.0448907827172267
120018049,1.3960768085393365
120018059,2.215802295702252
120018071,3.148671823604669
120018074,3.1876580484843586
120018081,1.8007869778813312
120018084,2.0189417491658457
120018089,2.4635692432409217
120018090,1.877666169119858
120018094,1.78579725876758
120018097,2.261460871833545
120018100,2.0175142907574686
120018102,1.9388134368874959
120018107,3.308471100241536
120018108,3.245902355269926
120018114,2.485624646935118
120018124,1.7510863962542504
120018126,2.3264938630083605
120018129,1.7653707042300675
120018132,1.8097301762420406
120018133,1.8000044705303817
120018139,1.4732723134888435
120018140,1.761042411438387
120018146,3.0726377213663256
120018211,2.2826284009819604
120018212,3.2820699941275673
120018379,2.775789658233685
120018459,2.331932052837539
120019294,3.479883468468224
120019371,3.124194832478125
120019513,3.305763817756011
120019636,2.4036362888687304
120019638,2.8768305257998037
120019704,3.1818878352329922
120019712,1.6665026151539624
120019749,3.0777022174670834
120019849,2.4846598325625946
120019850,2.6214016583577937
120019854,2.7156064380465836
120020199,1.394253569122769
120020204,1.9178487027727533
120020206,3.3231424368779034
120020208,1.8129916844363878
120020210,2.603678423581425
120020211,1.6684887917338382
120020218,4.275814464266859
120020226,4.6333115635732405
120020240,2.5047288232334273
120020242,1.7395021076277597
120020334,1.9459038136360909
120020343,2.5825700879603466
120020354,3.0720280657391696
120020367,1.907072685852053
120020373,2.5379835302723226
120020387,3.628748623205267
120020800,2.5144125551004346
120020805,1.5016979100941767
120020844,2.505510062802774
121622699,2.660414161093468
121623043,2.452195677857902
121623126,2.031247199218184
121839184,3.2309777808737454
121860894,2.7547076634189627
126212479,2.7540016919532726
137059882,3.212783689338346
139268769,1.6874324527351627
139269431,2.745396007368447
141288680,1.8454361203164489
143249192,2.3907838365568512
143249413,2.0063660245674795
143249470,3.531157851421855
143249640,3.095555352725304
143249864,1.7643970791565604
143396594,7.47482718390332
143398250,4.222502320127795
143416561,3.334907815335728
143418891,3.5893463165300514
151949699,3.129514125379815
152335372,2.4281927710350257
155442829,3.5883303011357124
155445200,3.9148779177926856
155635994,2.717574545041602
166867866,3.2225098664169503
167256799,2.0660708279427618
167256807,2.0975598545491936
34119718,4.220580600326938
34124239,2.1178920181895227
34126002,2.3816032472677966
34127708,2.285713982866525
34129366,3.2102932445416497
34129544,1.8160512984660444
34130489,6.708905326010888
34130604,1.7686881656955247
34131191,3.707888597836302
34131278,1.6022385273181958
34131807,1.683647848497473
37648633,1.8171541168131287
45337711,5.502240064947518
45385910,2.886259736816882
45722930,1.74630776873526
45728298,2.252822253159285
45730390,2.534477308483178
47726570,1.9350371902585612
69886156,1.6315426924838943
69886228,3.206555874896692
69886510,3.1509006115722245
70332223,3.4101490110445107
70334209,2.60687264139561
70334219,2.6910730936358456
74924599,2.407857719956519
75474779,2.046934537835723
75653667,4.442324405911635
75654673,3.2472715105237193
80005045,2.017233185309807
81002103,1.915661505846031
86274695,2.5685384243715035
86274749,2.833345954623122
86274823,1.9317240632681394
86275133,2.926856543898343
86275195,2.227838141011155
91593827,2.2062107154349397
91594687,4.094473528279707
91594827,3.25682701425002
91594833,1.6964700230747805
91595845,3.1992219769081482
91597877,1.4959356402173962
91683191,4.798269870858826
91684663,2.6356387367434038
91684979,1.84828150422878
91685475,2.540810736863011
91687083,4.007184205430277
91687843,2.4156144205088497
91688409,2.316073638640624
91688455,2.2722678734409643
91688775,2.582423141822061
91690129,1.9599708110173213
91690341,2.6448071529375494
91691877,2.435229232668554
91692521,3.598205592525718
