0E445706-1F3E-47FA-8A83-D38E2C953307,3.496830992041623
105954753,5.620590132667981
120017988,4.345529807361659
120018006,11.040693866667308
120018022,8.584432664415052
120018032,3.6703059656229824
120018049,4.0960285630334266
120018059,5.20798757501667
120018071,6.357077580671975
120018074,6.353763328239497
120018081,4.215162342533427
120018084,5.633485984930432
120018089,7.395192688217277
120018090,8.922344464770688
120018094,6.370989372491446
120018097,6.066091935671651
120018100,2.9337213484414755
120018102,3.363147095215385
120018107,7.843672553700141
120018108,9.024200302051408
120018114,2.1392916343094592
120018124,5.191483660184012
120018126,6.2360309728216805
120018129,5.395351224991088
120018132,4.762398535838001
120018133,2.591791121858179
120018139,2.8337754055590887
120018140,3.337215811397779
120018146,4.254044792712356
120018211,2.3397454540434093
120018212,8.097656322740136
120018379,7.568534818351365
120018459,4.992619955236482
120019294,5.098978639181258
120019371,4.626742580238868
120019513,6.032307026079735
120019636,2.7983228830401954
120019638,2.098493895764243
120019704,5.192629068742793
120019712,3.0887589732972263
120019749,2.998569186145767
120019849,5.73434397567446
120019850,5.678602483216524
120019854,2.9870511242917805
120020199,3.821727036038934
120020204,4.689178400776122
120020206,5.125434091200353
120020208,5.3201328800189
120020210,7.689778237507846
120020211,5.687244779531945
120020218,7.877457194179629
120020226,10.470234177660036
120020240,3.0984239872756256
120020242,4.693089360021429
120020334,3.193096281409204
120020343,3.716656702148765
120020354,2.961479820793577
120020367,7.223946770724543
120020373,4.673393131188021
120020387,7.455742674240259
120020800,4.842831596968921
120020805,4.276635378876595
120020844,6.267522379992671
121622699,3.4145224262201825
121623043,2.147138978757641
121623126,3.358608518283543
121839184,4.476059575314648
121860894,5.039555057635098
126212479,7.456441913813344
137059882,8.528768139913492
139268769,3.418578904130601
139269431,2.3786021689454326
141288680,3.1581295366559776
143249192,2.6423489669803795
143249413,3.1476624306013568
143249470,3.377280474641534
143249640,3.0683711678372694
143249864,2.7236530746108816
143396594,13.233085281636747
143398250,10.739684575319021
143416561,5.066343637656497
143418891,3.508441981256447
151949699,6.391751690737994
152335372,2.0687724400242673
155442829,4.8182865412094715
155445200,3.4901985457055935
155635994,2.4216325617758923
167256799,3.3436391462383526
167256807,4.332078099268773
32672122,5.412099718331167
34119718,11.194167590663596
34124239,8.526000164990945
34126002,6.551472005127671
34127708,4.643541457191834
34129366,9.69404071520896
34129544,4.098973893092618
34130489,12.514931308047304
34130604,4.814779480865984
34131191,8.11720457312853
34131278,4.136461769233596
34131807,4.423601802391921
37648633,2.8565893927755637
45337711,10.579536154128183
45385910,3.9900521281069796
45722930,3.865728111651604
45728298,3.727897268362491
45730390,3.3963963736397296
47726570,4.673176844130355
69886156,6.528428070259936
69886228,2.1826458121303496
69886510,3.0088820344992606
70332223,8.066876958133744
70334209,4.464912088238563
70334219,7.720336750458761
74924599,3.4947003840237865
75474779,6.702324475295336
75653667,6.4370930593346944
75654673,5.457849229528955
80005045,2.576485418250607
81002103,2.8133178794590936
86274695,2.288538665714535
86274749,10.510880146881675
86274823,5.043458547789258
86275133,3.8830829554025956
86275195,2.627557353982195
91593827,7.147756572839895
91594687,10.151552686964665
91594827,9.355274423959225
91594833,2.7755948127709247
91595845,6.89798908362451
91597877,5.292852808082308
91683191,10.933407645500175
91684663,4.035485603394151
91684979,3.026471317981039
91685475,5.5611473568672265
91687083,11.970977102047213
91687843,9.421501022453159
91688409,6.9588625643606
91688455,3.1723567505996297
91688775,5.84523576390356
91690129,8.542476719064972
91690341,9.444105088022052
91691877,2.9667070631078576
91692521,5.159782013887861
