0E445706-1F3E-47FA-8A83-D38E2C953307,2.658006318984834
105954753,2.4372157398610104
120017988,2.5629875425593958
120018006,6.469863412342603
120018022,4.907710859411444
120018032,2.3297016996915834
120018049,2.133910129217145
120018059,1.8360894097697922
120018071,5.071324717430454
120018074,5.340446707205707
120018081,1.9829592854721227
120018084,3.3485561176634655
120018089,3.6291360315410124
120018090,2.8211363663917446
120018094,2.020577857081245
120018097,3.4053192328888495
120018100,1.6471695919405953
120018102,2.756178190998252
120018107,5.8025921737823865
120018108,5.076626017466574
120018114,1.9249320291088043
120018124,2.4081749620159094
120018126,4.2338822122892505
120018129,1.7861055125716978
120018132,3.4263411175221306
120018133,1.6657866091377076
120018139,1.932955549413432
120018140,1.5039060536409738
120018146,2.83085818347254
120018211,1.878458036728447
120018212,5.930317179075702
120018379,2.726008376453136
120018459,1.6573253680301503
120019294,2.9063826939268913
120019371,2.5203878867223737
120019513,2.8293825576205793
120019636,2.118617078431948
120019638,2.389495878801037
120019704,2.7869679701384467
120019712,1.8394880441967087
120019749,2.404532461272616
120019849,3.8894653352682598
120019850,3.8182380792985118
120019854,3.458064046867021
120020199,1.7823077404877747
120020204,3.22037789136288
120020206,2.901533800290561
120020208,2.7918751434373625
120020210,4.610765851137286
120020211,1.8786047359284654
120020218,6.318955467987336
120020226,5.781763607763336
120020240,1.9510757784814285
120020242,1.5771505358087894
120020334,1.767785706501595
120020343,1.7970887074058761
120020354,2.5555911328803114
120020367,3.641089369967963
120020373,1.9129051751670405
120020387,5.2416411669214
120020800,2.9123464517162265
120020805,2.122285745859696
120020844,2.5116221563880794
121622699,2.6126070618083124
121623043,2.108016872530521
121623126,1.8882509249954582
121839184,3.095168888962428
121860894,2.5376822309240343
126212479,2.972921690033317
137059882,3.8948227467619607
139268769,1.7218152670520288
139269431,2.4433015096297517
141288680,1.710420042475532
143249192,1.9236347733342007
143249413,1.6974557626522857
143249470,2.811072878855277
143249640,2.665065667267621
143249864,1.8135521102420282
143396594,10.319183310324814
143398250,4.559558421181856
143416561,2.7267875466008085
143418891,2.9650220455535
151949699,3.1756566920241034
152335372,2.0033426549721414
155442829,3.318875349055828
155445200,3.317479329354828
155635994,2.1431639296908958
166867866,2.385819541483198
167256799,2.052557766349372
167256807,2.6021735094161245
32672122,2.6644930650462646
34119718,4.8926430145009245
34124239,2.2106423752949484
34126002,2.331401370510901
34127708,3.812551383778296
34129366,4.53673350357255
34129544,1.6852813343718909
34130489,8.55418885459525
34130604,2.6997669063334526
34131191,3.40247356628211
34131278,3.295590768203616
34131807,1.7220816503381917
37648633,1.7247711761806428
45337711,8.75947992454716
45385910,2.636142668401594
45722930,1.6881669218071622
45728298,3.1735272711205416
45730390,3.613127022819363
47726570,2.580932889041349
69886156,2.3883415911246906
69886228,2.5157711239665748
69886510,2.2660130342624254
70332223,3.3183206708211204
70334209,2.5488113730125823
70334219,2.2757161608258687
74924599,2.31464009758199
75474779,2.617457663071537
75653667,6.3837254245643
75654673,3.0793063928224935
80005045,1.684800835250956
81002103,1.8689118738239072
86274695,1.9769991953693642
86274749,2.6378435672666005
86275133,2.6264571997237853
86275195,1.7226496141839727
91593827,4.039676723729594
91594687,4.88852631610593
91594827,5.819787544862559
91594833,1.7145278819003469
91595845,4.985909645710794
91597877,2.544023984237586
91683191,6.757137640793422
91684663,2.356690356011253
91684979,2.523984302277636
91685475,5.370188927194971
91687083,4.616875453781836
91687843,3.022784592917444
91688409,4.260844963114909
91688455,1.900053534840664
91688775,2.467242849712613
91690129,2.537528851492217
91690341,4.784600384168257
91691877,2.0883039360142557
91692521,3.04582157757909
