0E445706-1F3E-47FA-8A83-D38E2C953307,5.639866312719418
105954753,5.893398538366198
120017988,4.00227774660948
120018006,7.124531675166166
120018022,3.6648379439885233
120018032,5.353310345878753
120018049,1.5252761972991602
120018059,2.286017249316423
120018071,3.764702947686411
120018074,3.4814282327702557
120018084,2.930508346245923
120018089,2.5320555937495266
120018090,3.4838537194147867
120018094,2.791884249447614
120018097,2.792095181463831
120018100,2.010672041118005
120018102,2.7936063138395855
120018107,4.93142937106658
120018108,4.774703207565374
120018114,3.6786170597261783
120018124,2.5764348809052726
120018126,3.0906471958338106
120018129,2.7184570429207047
120018132,2.1970008424730625
120018133,2.3780843404341594
120018139,2.5246060955278193
120018140,2.1933579132376297
120018146,6.1323428454558995
120018211,3.407486157152745
120018212,4.890907329756172
120018379,4.280397539608213
120018459,2.8678344555252258
120019294,6.241237841595161
120019371,5.59208539282898
120019513,6.459153622173836
120019636,4.310130492494682
120019638,4.04944382509169
120019704,5.324110400840658
120019712,2.695617031818107
120019749,5.3292600903500364
120019849,2.893987142473019
120019850,3.261193414928531
120019854,4.127604895233393
120020199,1.508447255064613
120020204,2.0935770159313605
120020206,6.107821204154643
120020208,3.448436692492712
120020210,3.6815912323251356
120020211,2.470041536169029
120020218,4.698906138886005
120020226,6.552655960592173
120020240,3.1438789564793503
120020242,1.9421985060756286
120020334,2.9513400313915015
120020343,3.8343548645041623
120020354,5.0549140534332535
120020367,3.1871093590436823
120020373,2.967944836522166
120020387,4.196308137601619
120020800,3.6753349524795693
120020805,1.811311825005685
120020844,4.125669407332893
121622699,4.667779850742801
121623043,3.592026060707328
121623126,2.7718975833805093
121839184,6.564712957062884
121860894,2.7941929297989216
126212479,4.2304883757061855
137059882,4.39834492684189
139268769,2.7396166060897236
139269431,3.488544753427667
141288680,2.1937740763755524
143249192,2.7464662781175044
143249413,2.220812237969024
143249470,5.622215999265651
143249640,4.874113876264421
143249864,2.690657246004075
143396594,9.62900835770976
143398250,6.338628168870065
143416561,5.9545240577084355
143418891,5.603458723013937
151949699,5.191536329655979
152335372,3.304648463136643
155442829,3.6271557492401114
155445200,5.2208619421897655
155635994,2.8880299702616092
166867866,4.15466133314405
167256799,3.3304977099347175
167256807,3.0960378048986157
32672122,2.0167067840406805
34119718,6.82573980407028
34124239,4.040455901807187
34126002,3.028143761732752
34127708,2.4002860568239393
34129366,4.558369200035977
34129544,1.6027815360498998
34130489,8.792565050702754
34130604,1.9934760788418386
34131191,4.540630483289286
34131278,2.2879682800224077
34131807,2.380522815751428
37648633,2.819072503674237
45337711,7.205985273446257
45385910,5.348379743590893
45722930,1.7755394343763808
45728298,2.8499516763718398
45730390,4.113623503244956
47726570,2.098362578277955
69886156,2.167294002780524
69886228,4.156274927699983
69886510,4.3867339121618665
70332223,4.302965703359517
70334209,4.230056007458013
70334219,4.013068432823694
74924599,3.224344320713338
75474779,2.7431995031298055
75653667,3.653882654187813
75654673,6.62060526226043
80005045,2.5685898957678304
81002103,2.346435771948686
86274695,3.256998084521424
86274749,5.543114278079375
86274823,2.4886006508288947
86275133,5.519059539241828
86275195,2.8045896878264296
91593827,2.833610554784649
91594687,6.386787819352243
91594827,5.324414420408522
91594833,1.8748640474099187
91595845,4.276020431444158
91597877,1.6774496535631245
91683191,7.292161804062898
91684663,2.9203883085370133
91684979,1.920524989880893
91685475,3.7231071238254074
91687083,7.349942331787302
91687843,4.891405383427696
91688409,3.2217761070708733
91688455,2.677387821210947
91688775,3.8332574936975563
91690129,3.82034647956685
91690341,4.381560815922215
91691877,2.8607607747156454
91692521,6.569778501600265
