0E445706-1F3E-47FA-8A83-D38E2C953307,3.2423934866992417
105954753,3.0243652842757367
120017988,2.8954616796693182
120018006,4.65883655543566
120018022,3.6436297817657475
120018032,2.855673164965672
120018049,2.526434671731071
120018059,2.6286293950803694
120018071,2.841720961061096
120018074,2.844691917999172
120018081,2.5487902993477185
120018084,2.557873332391835
120018089,2.590233442820746
120018090,2.473511661522242
120018094,2.56236413700771
120018097,2.698370352136733
120018100,2.8195314488242427
120018102,2.7705803926495856
120018107,4.017041896503756
120018108,3.745951358578532
120018114,2.825764527283547
120018124,2.9604339138092097
120018126,3.136435625067767
120018129,2.779826760560547
120018132,2.613525569446456
120018133,2.9421264635028335
120018139,2.4693677228725575
120018140,2.6916891755751258
120018146,3.1047009034874984
120018211,2.943469519842341
120018212,4.94077605155013
120018379,2.9810641149079995
120018459,2.812620218160297
120019294,3.504471673265463
120019371,3.097064522543057
120019513,3.25633758778877
120019636,2.8318407499248806
120019638,3.0616231288185145
120019704,3.029601922755007
120019712,2.5737094713910236
120019749,2.9950572877865045
120019849,3.1145076821130675
120019850,3.4990384864115005
120019854,3.281257508373352
120020199,2.5710031121116317
120020204,2.550341937932494
120020206,2.9977841466312425
120020208,2.686375283306195
120020210,2.9263001070848897
120020211,2.520093637305441
120020218,3.7090457044521186
120020226,3.7804408819137616
120020240,2.9559444468671354
120020242,2.700631561945397
120020334,2.640022836151208
120020343,2.8845119494845357
120020354,2.9310648164321393
120020367,3.171097669166166
120020373,3.194846512516719
120020800,3.062687072437815
120020805,2.5808241506498595
120020844,3.022645728875566
121622699,3.155911305225234
121623043,2.9288480420136325
121623126,2.6645693853303505
121839184,3.1673487775297544
121860894,2.881804530358986
126212479,3.3660563815135465
137059882,3.185783287042953
139268769,2.6134562417136493
139269431,3.234548564397477
141288680,2.8437635734561955
143249192,3.0736635013308957
143249413,2.789910509905556
143249470,3.3554624724757174
143249640,3.2148735344814696
143249864,2.9215259701577208
143396594,6.85438349271413
143398250,3.042786718617722
143416561,2.9640516539205772
143418891,3.670468621784238
151949699,3.298624718962217
152335372,2.924037343417917
155442829,3.347645261644705
155445200,3.8511181351347465
155635994,3.0437149119570592
166867866,2.9988403292793278
167256799,2.6275151354297708
167256807,2.741050947480658
32672122,2.5745081769215306
34119718,3.260337963664904
34124239,2.7839794995298943
34126002,2.5823545821915723
34127708,2.6714126013052177
34129366,3.314993434036408
34129544,2.6887216757344055
34130489,6.136019030024883
34130604,2.494949924025042
34131191,3.8112399129470873
34131278,2.71752063187005
34131807,2.6929367502503196
37648633,2.637510539870613
45337711,7.3097567013414775
45385910,2.9593824280366303
45722930,2.826357211494112
45728298,2.7763466901078977
45730390,3.3045482043740213
47726570,2.816800122974914
69886156,2.525873185212282
69886228,3.2679128721617783
69886510,3.0582614214948345
70332223,3.1851785816190104
70334209,3.212140489408301
70334219,2.9874182427369917
74924599,3.9422715996088
75474779,2.8566006908481523
75653667,3.5626163513990132
75654673,3.1358976140218067
80005045,2.9390279694827837
81002103,2.8959191152675596
86274695,2.9773344637833974
86274749,3.0320799194059425
86274823,2.7719146234440264
86275133,2.9077496799661096
86275195,2.7615895659116627
91593827,2.993881777492606
91594687,3.495009725581399
91594827,4.571564048403457
91594833,2.6511180051311904
91595845,3.6911332299703057
91597877,2.494231944507647
91683191,3.997943929063352
91684663,3.0423007867650247
91684979,2.5469234256756828
91685475,3.537976189846883
91687083,2.9704288480178125
91687843,2.7047385675121407
91688409,2.7902997499125703
91688455,3.1587677755167873
91688775,2.9015191701468455
91690129,2.7298026492080942
91690341,3.4482759452502707
91691877,3.096175889358718
91692521,3.2777239579049717
