0E445706-1F3E-47FA-8A83-D38E2C953307,2.895704040377899
105954753,1.909825421032996
120017988,2.042999048749927
120018006,3.9882457779019105
120018022,3.1630998498519167
120018032,1.2035300845628276
120018049,1.804352975802788
120018059,1.7280283763716227
120018071,2.8955160423765234
120018074,2.9148452953238513
120018081,1.8741355706128573
120018084,2.0624430008468426
120018089,2.431371807854521
120018090,2.1697025732539035
120018094,1.6232279158786027
120018097,2.3076768810986996
120018100,1.6559735662489878
120018102,1.9858608663936284
120018107,2.948121416548066
120018108,2.9063046150666585
120018114,1.7241528061915161
120018124,1.9305150201803638
120018126,2.763004739046007
120018129,1.5393101636049134
120018132,2.1007725426625643
120018133,1.6147722613871076
120018139,1.5791900034334965
120018140,1.489088265735781
120018146,1.3735145289480315
120018211,1.3887542738841219
120018212,2.8089306247781987
120018379,1.3930491343612874
120018459,1.9555342864527145
120019294,2.2404821705389435
120019371,2.060456976757207
120019513,1.8313720325257723
120019636,1.5109080876033447
120019638,1.7304893192351007
120019704,1.3901653332259116
120019712,1.3580744929609896
120019749,1.4437074797298124
120019849,2.7122733655824276
120019850,2.721719690084671
120019854,1.5868373458415
120020199,1.574997950157778
120020204,2.112503057738522
120020206,1.1222072111601866
120020208,1.720405819529819
120020210,2.5331573722522682
120020211,1.585088095468194
120020218,3.45832384385497
120020226,3.6955584943891986
120020240,1.1443431935185977
120020242,1.7419464035646004
120020334,1.5139726650120886
120020343,1.1638215167048942
120020354,1.1401668865125034
120020367,2.0252176456105144
120020373,1.518053322831238
120020387,3.3356996199962183
120020800,2.746653112281121
120020805,1.891626312072889
120020844,1.7941291964885806
121622699,1.5478502408969368
121623043,1.223848733450308
121623126,1.6013654453230615
121860894,2.5643448525121006
126212479,1.9381343449866517
137059882,2.9869754400027486
139268769,1.523829783470232
139269431,1.5289873245797423
141288680,1.4457369262115531
143249192,1.569697745364552
143249413,1.8029360610314216
143249470,2.434843923746946
143249640,1.8959719441002185
143249864,1.7752032714886337
143396594,5.414695155208244
143398250,3.3128395292495245
143416561,2.178595250719882
143418891,2.6676402051423707
151949699,1.5029718419039257
152335372,1.6460656873793371
155442829,2.836690724633501
155445200,3.5642435454181567
155635994,1.8313988513267412
166867866,2.3439348827598763
167256799,1.8616057560755161
167256807,1.778253834395548
32672122,1.6413249391464653
34119718,3.311375584813175
34124239,1.57341096480599
34126002,2.2035905892808176
34127708,2.4057029747691843
34129366,2.7498450000445636
34129544,1.9105520460877203
34130489,5.653670583587204
34130604,2.0329224090091693
34131191,1.5909324399176148
34131278,1.9911739829012203
34131807,1.5700937637717867
37648633,1.5616053063038557
45337711,4.319274300462867
45385910,1.3107285252373433
45722930,1.7165777427131261
45728298,1.7242468537675102
45730390,2.0181300975477474
47726570,2.2802755417870526
69886156,1.8756859881315895
69886228,2.353310435267773
69886510,2.419880290100378
70332223,2.456897857240315
70334209,1.6139639495557707
70334219,1.8063798340654782
74924599,2.2583442149529516
75474779,2.3781810909522045
75653667,4.587985383560598
75654673,1.1870154796402772
80005045,1.6309325137583761
81002103,1.3229427284121569
86274695,1.3375035922900902
86274749,2.143665988439419
86274823,1.4812983821716719
86275133,1.2102495150002883
86275195,1.684055643336218
91593827,2.4236046339556996
91594687,3.486864339386267
91594827,2.8352499118572063
91594833,1.485141559927818
91595845,3.0309169678911063
91597877,1.756191848842463
91683191,3.7445683511568952
91684663,2.800899267710036
91684979,2.0257119236488226
91685475,2.6481185701886187
91687083,3.100446047782947
91687843,2.109534888835468
91688409,2.575725697778487
91688455,1.9398546484998254
91688775,1.148004075629854
91690129,1.9274238236934083
91690341,2.6222719271947486
91691877,1.6320214094848107
91692521,1.8982784434060938
