0E445706-1F3E-47FA-8A83-D38E2C953307,3.191440812832964
105954753,2.697854438006091
120017988,1.6369681346848013
120018006,2.1203618173648686
120018022,2.0048762570867846
120018032,2.0938559644938906
120018049,2.2048232944234694
120018059,1.958132697010501
120018071,1.980972059824926
120018074,2.0238680668681637
120018081,2.29705935754498
120018084,1.9431924151675268
120018089,2.1181872132882646
120018090,1.684080266638049
120018094,1.8635797752609065
120018097,1.770263193665741
120018100,2.470699257527494
120018102,1.7845914923299355
120018107,2.076965033666249
120018108,1.8441071426696063
120018114,2.3704955996031396
120018124,2.2439166684857934
120018126,1.9288148313692757
120018129,1.9501784773111586
120018132,2.308120118990043
120018133,2.361270263166724
120018139,1.8606078408213882
120018140,2.2090510612586804
120018146,2.14196274360396
120018211,2.427761999459528
120018212,2.1275933328900103
120018379,1.8261993194374002
120018459,1.9265258301674513
120019294,3.515646038017517
120019371,2.9228268023722235
120019513,3.1534382053001524
120019636,2.1927189541086602
120019638,2.717832750281006
120019704,1.935171271078341
120019712,2.1892597816510486
120019749,2.18592752641802
120019849,3.0224101217896826
120019850,2.396159166309644
120019854,3.3319473084177624
120020199,2.1353142491509565
120020204,2.1457021393744355
120020206,2.3322499502280185
120020208,1.8464381846288478
120020210,1.6869215459351103
120020211,1.839886683845976
120020218,2.0686883293619274
120020226,2.043038964184372
120020240,2.2877726169731205
120020242,2.0302089073802794
120020334,2.202422211464718
120020343,1.9380402832075814
120020354,1.9272793153350907
120020367,1.6120645435790792
120020373,2.5547817448531864
120020387,2.1464330827587568
120020800,2.0744054688642994
120020805,2.2219546877106837
120020844,2.0027328555551467
121622699,2.295904378825788
121623043,2.1339262758373923
121623126,2.2091937701721904
121839184,2.344632161987112
121860894,1.9310468723313485
126212479,2.076408395473589
137059882,1.9664082731004577
139268769,1.8735012414249208
139269431,2.7171362766854408
141288680,2.344644037737938
143249192,2.4519971898610673
143249413,2.5466105776679866
143249470,3.174755453037982
143249640,2.6869251402503638
143249864,2.22885949885588
143396594,1.992373583709872
143398250,2.3422996575454147
143416561,2.4657661322122433
143418891,3.2123335798867454
151949699,2.187878040447386
152335372,2.331740139034073
155442829,2.9478412518955928
155445200,4.026671304074615
155635994,2.3718518614589996
166867866,2.524362720926237
167256799,2.0635753508283545
167256807,1.911238544717853
32672122,2.2129194774244607
34124239,1.8994162351756345
34126002,1.768701822261064
34127708,2.194437570279544
34129366,1.7532983615557507
34129544,2.3249972475104417
34130489,2.6032962627156224
34130604,2.0913686621418983
34131191,1.9411643958782911
34131278,2.0594984491858073
34131807,2.304915447216424
37648633,1.9608843230181388
45337711,1.9254356629654252
45385910,1.9623507301946799
45722930,2.4456965535922093
45728298,2.129330759168924
45730390,3.3078787880731086
47726570,2.4052920370302644
69886156,2.270820726684571
69886228,3.1790511002334574
69886510,2.644195612416671
70332223,2.5980791512683292
70334209,2.2867832391671294
70334219,2.356001546112141
74924599,2.966053134426662
75474779,2.355603986810884
75653667,2.469374275412671
75654673,2.2753940803950763
80005045,2.712657660234003
81002103,2.5431047108470506
86274695,2.4589458675589033
86274749,1.5552202346147017
86274823,2.145058227290191
86275133,2.077321455774239
86275195,1.9985239627456566
91593827,1.9195650132626574
91594687,1.9294342616775315
91594827,1.6210606346210006
91594833,2.2391335781392283
91595845,2.321905897306421
91597877,2.1237406825977394
91683191,1.5006999281924362
91684663,2.511525218706358
91684979,2.2085276230408026
91685475,2.096360967472691
91687083,1.6303414744419151
91687843,1.810092007116708
91688409,2.312207219935467
91688455,2.6132844399496866
91688775,2.194397083988042
91690129,2.149316137729935
91690341,2.1689109294569997
91691877,2.8271918714115136
91692521,2.4923772458113342
