0E445706-1F3E-47FA-8A83-D38E2C953307,2.494862129019548
105954753,2.193443387933224
120017988,3.7235420887161297
120018006,11.736500424177786
120018022,8.887120137330868
120018032,2.3549013345094827
120018049,6.522120522559711
120018059,7.0241541998386445
120018071,9.027881032964606
120018074,8.900699916311622
120018081,6.864887082589397
120018084,8.484605260474243
120018089,8.292533898098247
120018090,7.354082104486133
120018094,4.739005292878075
120018097,8.100349642719287
120018100,5.683897581747269
120018102,5.808078067527144
120018107,10.048591302610323
120018108,9.643782956006772
120018114,4.413411282246887
120018124,7.5677401432142055
120018126,8.120242094044283
120018129,4.769211413392434
120018132,7.512234909690773
120018133,5.2925271410985895
120018139,5.286812175786254
120018140,5.3617785269744385
120018211,4.051497323258431
120018212,9.714269946910202
120018379,4.772689359104099
120018459,5.265900611575789
120019294,2.5899915507005247
120019371,2.639174185776662
120019513,2.2995403868898627
120019636,3.464376372302313
120019638,3.812256596166985
120019704,2.2697933994321007
120019712,4.843068241109722
120019749,2.2660374800572183
120019849,7.927996235241151
120019850,7.589640973109144
120019854,4.572826860342463
120020199,6.302634767316533
120020204,7.643067166921092
120020206,1.8826819728640407
120020208,4.969237110840685
120020210,8.45051793137293
120020211,6.320925314605752
120020218,9.67850946443454
120020226,11.682985455481353
120020240,4.797236667462532
120020242,5.878033598813236
120020334,4.962883274692412
120020343,3.396765538063241
120020354,2.3688358291092046
120020367,7.002846771551154
120020373,5.202489250764813
120020387,9.3509504464772
120020800,4.3564172387576106
120020805,6.264835970879989
120020844,4.2424018005729405
121622699,3.4813135553074837
121623043,3.5932287996169396
121623126,4.70417879662268
121839184,1.625307221832559
121860894,6.253433840214017
126212479,6.72725893209149
137059882,8.848717060074904
139268769,4.368749148419083
139269431,4.105084758547088
141288680,5.456325135615028
143249192,4.65416579408956
143249413,5.339068383137844
143249470,2.858277718553769
143249640,2.785086171687819
143249864,4.559370324448888
143396594,14.557144438158668
143398250,11.277297050051608
143416561,1.926024876625086
143418891,2.8036841358601006
151949699,3.61679003074725
152335372,3.995389143752217
155442829,4.5518636640423695
155445200,3.6223911996823643
155635994,4.281876368507107
166867866,3.766332884324889
167256799,4.558408586752084
167256807,5.91706454604223
32672122,6.224547501183809
34119718,11.880197180460923
34124239,7.535920323468381
34126002,7.327409845177721
34127708,7.362144886320818
34129366,10.01501922899638
34129544,6.195955574069835
34130489,13.500737521627768
34130604,7.579858645483858
34131191,7.502653632126468
34131278,6.8042326852326545
34131807,5.044860297176526
37648633,4.6478877238843115
45337711,12.045705097259248
45385910,1.8132913626816092
45722930,6.2835615676609775
45728298,4.827379884640774
45730390,3.6582899059665683
47726570,7.402563123767774
69886156,7.255541844357492
69886228,4.075277721950627
69886510,4.426978323967736
70332223,6.817341434595213
70334209,3.203986348861725
70334219,7.719245030888022
74924599,5.709595592344651
75474779,7.051532825480001
75653667,8.667962706917804
75654673,1.6642567334690934
80005045,4.500071866733293
81002103,4.905629184634247
86274695,4.388623535225539
86274749,9.785635336902688
86274823,5.191958962740955
86275133,1.8358665557374019
86275195,4.256164936399537
91593827,7.336600259482718
91594687,11.181021568754398
91594827,10.056664634889907
91594833,5.8092045306265865
91595845,9.331527111059478
91597877,6.583528407040595
91683191,12.246672725290768
91684663,5.093371053283313
91684979,6.318291037532956
91685475,8.527277106020797
91687083,12.133108030526378
91687843,9.8065380633266
91688409,8.527255083261306
91688455,5.594602922549078
91688775,4.6482156671098345
91690129,6.956123038031731
91690341,8.871149350197214
91691877,4.987452165995407
91692521,1.9128841675917339
