0E445706-1F3E-47FA-8A83-D38E2C953307,3.2667761310100216
105954753,4.84616602215837
120017988,4.770334414861319
120018006,8.615284657808708
120018022,7.144996876714844
120018032,3.438300083604156
120018049,2.8476192061655956
120018059,4.564226826998998
120018071,4.162927129327222
120018074,4.056809759074194
120018081,3.7195052225593552
120018084,3.7024382838368277
120018089,5.703787877706599
120018090,7.67306229394288
120018094,6.352019529724822
120018097,4.443635875751905
120018100,1.8659223999567291
120018102,3.002846949702689
120018107,5.758775619399484
120018108,6.763688131756612
120018114,2.004915240461524
120018124,4.511844045114487
120018126,5.0142729917658295
120018129,5.125261640288418
120018132,3.2125854936473357
120018133,2.118701049983163
120018139,2.633031873832071
120018140,2.874549434710391
120018146,3.889484135346478
120018211,2.737226442035968
120018212,6.523371926816917
120018379,6.911636315266772
120018459,4.5368354171709875
120019294,3.935049658761574
120019371,3.5791377738975285
120019513,5.420615754318579
120019636,3.0180344777940538
120019638,2.3658170042813484
120019704,5.0189399373813455
120019712,3.171029871137492
120019749,2.8299954819631146
120019849,3.711330056000364
120019850,4.047713850915962
120019854,2.5005062753043927
120020199,3.187578508339576
120020204,3.253239637373128
120020206,3.922524953706762
120020208,4.50937746978429
120020210,6.382222362221683
120020211,4.942309824019736
120020218,5.484400330109817
120020226,7.713713518270352
120020240,2.6333438399880773
120020242,4.178570695553324
120020334,3.3314344104575033
120020343,4.246102967079018
120020354,3.127377224431368
120020367,6.303099645909742
120020373,3.9043985583638388
120020387,5.769666896214243
120020800,5.08550880016693
120020805,3.5609486311310743
120020844,5.768871764942558
121622699,2.877623780819307
121623043,2.532481921099256
121623126,3.6596096778376603
121839184,4.006928172467852
121860894,4.77035264892627
126212479,6.381659955125994
137059882,6.56207640708203
139268769,3.928905909791342
139269431,1.4421358114040526
141288680,2.044030815303285
143249192,1.6008260187032257
143249413,2.286321914048135
143249470,3.331884297110583
143249640,3.4487612403850045
143249864,2.7692056533272966
143396594,10.631371416614998
143398250,8.194243533399842
143416561,4.576731699309695
143418891,2.895204392032574
151949699,6.046530228463346
152335372,1.8398433261681877
155442829,4.027245348570208
155445200,2.7201443260702476
155635994,1.948970618138979
166867866,1.9401299507866243
167256799,3.0349141852840074
167256807,3.112750632465511
32672122,5.167573740709752
34119718,8.540218829692437
34124239,7.471434508070297
34126002,5.311410990777287
34127708,3.3538405509965674
34129366,7.554996557901697
34129544,2.6503966168894175
34130489,9.69222322769806
34130604,3.2387569426028913
34131191,6.950407683197461
34131278,3.1501791811215822
34131807,4.059637401966378
37648633,3.015639645283498
45337711,7.82121377520457
45385910,4.572139556987589
45722930,2.4625664890335432
45728298,2.529449931520115
45730390,3.0014787256452213
47726570,2.7982386678583393
69886156,5.6327708104135965
69886510,1.8746064919474255
70332223,6.534212468556592
70334209,5.252688921616527
70334219,6.2781331263081075
74924599,2.4750957779347833
75474779,5.697539897942197
75653667,4.220372080293841
75654673,4.361556927014697
80005045,2.301701554171524
81002103,2.197093357054282
86274695,2.1018259633571215
86274749,9.341800565412012
86274823,4.3168240816323245
86275133,3.886578636129424
86275195,2.5753203802097833
91593827,6.359612628110459
91594687,7.890949521640853
91594827,7.015085770552568
91594833,2.0364017160555368
91595845,4.948790887806614
91597877,4.456007062573851
91683191,8.346128223541042
91684663,4.384984598513154
91684979,2.2816950808274394
91685475,3.7332000473181286
91687083,9.04977530201793
91687843,7.44194549163015
91688409,5.0312082516868095
91688455,2.2928368442050053
91688775,5.951222485508985
91690129,7.188062268761862
91690341,7.713235016702843
91691877,2.019233276176753
91692521,4.058930556182896
