0E445706-1F3E-47FA-8A83-D38E2C953307,4.667465110402065
105954753,5.378472076688718
120017988,3.126998109111744
120018006,8.016168022956562
120018022,4.270961201310952
120018032,4.613631113575429
120018049,1.7497114318338907
120018059,2.6350727784588615
120018071,4.21645047643336
120018074,4.0023050592272895
120018081,1.6653608586347657
120018084,3.5873086977466566
120018089,3.429393183609313
120018090,4.827804924169029
120018094,2.8345044745022356
120018097,3.342505019360784
120018100,1.5398902745001122
120018102,2.416298896295921
120018107,5.1124561494405105
120018108,5.939633894805056
120018114,2.957824566843498
120018124,2.864091109353056
120018126,3.3049386208794544
120018129,2.4645588648693826
120018132,2.634749874125575
120018133,1.6656805464986975
120018139,2.02949739280616
120018140,1.5181746791319977
120018146,5.460304738338766
120018211,2.6758464434676443
120018212,5.209631356878391
120018379,4.528388042779286
120018459,2.8414672963080423
120019294,5.718628320661092
120019371,4.953329121459063
120019513,5.97668454347824
120019636,3.3173785522883836
120019638,3.0825528626070686
120019704,4.46052012701902
120019712,2.101637781425657
120019749,4.5583328143024735
120019849,3.1774416198723903
120019850,3.390306050089764
120019854,3.092785120176248
120020199,1.6090800975477093
120020204,2.3188532303542115
120020206,5.597995106416453
120020208,3.1117224570300968
120020210,4.54737475766767
120020211,2.837266858592202
120020218,5.166123415420517
120020226,7.551468183780867
120020240,2.542365817886645
120020242,1.7706914943381868
120020334,2.3799703871087843
120020343,2.8853621507924303
120020354,4.148853402651539
120020367,4.003532959621569
120020373,2.430747877490297
120020387,5.147633396325424
120020800,2.8314367410129213
120020805,1.893547659597969
120020844,4.149843077072301
121622699,4.4341828384861275
121623043,2.6198615533879988
121623126,1.975488695697857
121839184,5.815386434115371
121860894,2.7382509593525737
126212479,4.9270103043834315
137059882,5.337412409825686
139268769,2.071244790766976
139269431,2.4595528619733082
141288680,2.112806957470928
143249192,1.8418159829107523
143249413,1.7511202745435264
143249470,4.7079199487915355
143249640,3.8592943251211285
143249864,2.0698794457066376
143396594,10.096462201097125
143398250,7.520617012800635
143416561,5.348278523260936
143418891,4.9596453728381125
151949699,4.361515297487204
152335372,2.391949929401498
155442829,3.1597743803514518
155445200,4.341000769542024
155635994,2.0734219256637205
166867866,3.1985020512984925
167256799,2.6483393469397845
167256807,2.9359505900846856
32672122,2.092065707197878
34119718,7.978758221358734
34124239,5.15671397337231
34126002,3.683622598685606
34127708,2.6622529597235056
34129366,5.76246493137056
34129544,1.7461379782970978
34130489,9.682860172601996
34130604,2.305415117310173
34131191,4.614161872850506
34131278,2.3560690465697003
34131807,1.9504612435069164
37648633,1.941063499709998
45337711,7.370886181466762
45385910,4.388219187034111
45722930,1.7759363277145261
45728298,2.303860024507251
45730390,3.30767009240637
47726570,2.4676638498775554
69886156,3.0461667682260987
69886228,3.1534014232812178
69886510,3.398071850412051
70332223,4.682985919823995
70334209,3.3948534084440847
70334219,4.932944993211712
74924599,2.241512518465736
75474779,3.7273025968849396
75653667,4.014994020700598
75654673,5.943695757042987
80005045,1.9942292006179043
81002103,1.7667560222666767
86274695,2.4102148936073156
86274749,7.005773707596776
86274823,2.5053220425338694
86275133,4.547367462364895
86275195,2.0493844192760142
91593827,3.3965213691185827
91594687,7.312580575965872
91594827,6.203548874702601
91595845,4.76116613786976
91597877,2.0725607986489063
91683191,8.261125573451805
91684663,2.6925318834597967
91684979,1.5776303242017748
91685475,3.879540172972704
91687083,8.898068377354628
91687843,6.202095543837532
91688409,3.9615163501284347
91688455,2.032866050499371
91688775,3.5844170786007976
91690129,5.073007794540752
91690341,5.6031431356601065
91691877,2.2002357870098903
91692521,5.869301787120294
