0E445706-1F3E-47FA-8A83-D38E2C953307,3.4969109983671682
105954753,3.1455434142419776
120017988,3.18250379018334
120018006,4.304847735472939
120018022,2.9088684534165843
120018032,3.063559658743969
120018049,2.777623142964589
120018059,2.9573308131452594
120018071,2.512967357064419
120018074,2.3386013488533535
120018081,2.9697280747463592
120018084,2.582349142848489
120018089,2.5213007165998103
120018090,2.4906249310337953
120018094,2.590665233542999
120018097,2.551990843292618
120018100,3.154840974930034
120018102,2.6701897471083096
120018107,2.5127693849493498
120018108,2.755758382720845
120018114,3.033741574351823
120018124,6.0132944962821515
120018126,2.5214689136777424
120018129,2.95548549936097
120018132,2.8051094672226693
120018133,3.1062830867790057
120018139,2.604196216346811
120018140,2.8486011927133523
120018146,2.8396125373234904
120018211,3.049771510500342
120018212,3.2795735503864463
120018379,2.8635431668527085
120018459,3.1362531981168784
120019294,3.4100919593816212
120019371,3.2019859001778883
120019513,3.1341892268525036
120019636,2.7587857008620458
120019638,3.1892392553841202
120019704,2.9340098661738963
120019712,2.893242180400161
120019749,2.8119171951662083
120019849,3.473484825834435
120019850,2.7973008351069506
120019854,3.1061614451485613
120020199,2.808124662734168
120020204,2.509215504783588
120020206,2.981787541463938
120020208,2.384615938366391
120020210,2.5529491793993686
120020211,2.6580328850884234
120020218,2.829306158025389
120020226,3.1847614220556726
120020240,3.041483310329787
120020242,2.795263940962479
120020334,2.888870057619904
120020343,2.884120120794212
120020354,3.0882676228539276
120020367,2.4458207867870208
120020373,3.337840655183333
120020387,2.9192366966053385
120020800,3.240424830077513
120020805,2.771989536531947
120020844,2.7728610347457887
121622699,2.9586495156869317
121623043,2.884604695177933
121623126,2.861218362951417
121839184,3.0112866517572283
121860894,3.055563818652994
126212479,3.120228308573067
137059882,3.098031630026301
139268769,2.660761552284477
139269431,3.2315948007635433
141288680,2.97911029769714
143249192,3.1691606103926686
143249413,2.955744639424696
143249470,3.485020454500685
143249640,3.2041973487143216
143249864,3.0471217016118453
143396594,6.2706326520838545
143398250,3.2644985588123037
143416561,3.0686482332048066
143418891,3.9673134951351954
151949699,3.037394687767213
152335372,3.099654034071866
155442829,3.7790873344956135
155445200,4.0965437215741
155635994,3.1866570782923818
166867866,3.2159421382909943
167256799,2.691504495741746
167256807,2.865811967072266
32672122,2.4192605753772813
34119718,3.2029951420392657
34124239,2.659639458233886
34126002,3.1073840175314578
34127708,2.5313434955793266
34129366,2.6414325872529187
34129544,2.9842511464033312
34130489,5.437271476743157
34130604,2.7066016985007746
34131191,3.4313889350971927
34131278,2.4671544380519808
34131807,2.6277583549050005
37648633,2.8437483297769046
45337711,5.241189252352284
45385910,2.870554159803555
45722930,2.7632784220664965
45728298,2.8840708328384266
45730390,3.0861205403657794
47726570,2.945117883724447
69886156,2.8022246279831053
69886228,3.4228537906518013
69886510,3.282300692704617
70332223,3.737068992148231
70334209,3.313050203108854
70334219,2.948685247248013
74924599,3.696973653302003
75653667,3.5785484615862644
75654673,3.0450334410306894
80005045,3.040212623101169
81002103,2.8529966299314546
86274695,2.903515511632534
86274749,3.0455273633867157
86274823,2.9614944327220654
86275133,2.8328020352737466
86275195,2.930656899804543
91593827,2.423158272457149
91594687,3.565189716618494
91594827,3.35396918261431
91594833,3.011557634945944
91595845,3.039450173631372
91597877,2.7775744738049415
91683191,2.9424116858860647
91684663,2.60581859853168
91684979,2.8955883344492346
91685475,2.4697520481587274
91687083,2.769591711883823
91687843,2.4770432161883185
91688409,3.0820815402942756
91688455,3.3810858784274234
91688775,2.964681719251926
91690129,2.5709955471025467
91690341,2.5875361272004795
91691877,2.971279527113622
91692521,3.2777174060430827
