0E445706-1F3E-47FA-8A83-D38E2C953307,8.17780850556865
105954753,7.972631837243928
120017988,7.92609374064547
120018006,4.148620434980882
120018022,3.919987870306055
120018032,8.584787858270023
120018049,7.234599976066834
120018059,7.541048378574537
120018071,5.316320186300399
120018074,5.155117901147266
120018081,6.958327201944611
120018084,6.344387332749074
120018089,5.819518031069081
120018090,6.526015284663327
120018094,7.525557446505966
120018097,5.533991532089062
120018100,7.930240341283548
120018102,6.720972190983688
120018107,4.61710115503388
120018108,4.764464199493727
120018114,8.14143177598971
120018124,6.946039048423589
120018126,5.598110862968076
120018129,7.942221209692635
120018132,6.613065033749355
120018133,8.124372332992797
120018139,6.4453812503843055
120018140,7.694420805891561
120018146,8.54490880558187
120018211,8.204118844702727
120018212,2.918521887542054
120018379,8.246288592169673
120018459,7.508635371555142
120019294,8.148446022546613
120019371,7.887983666504152
120019513,8.332055615182933
120019636,7.976441701974029
120019638,8.352917875829243
120019704,8.52608376014784
120019712,7.587839042517629
120019749,8.35500853649442
120019849,5.816714674066286
120019850,5.729469038083817
120019854,7.958254006404353
120020199,7.348186295751532
120020204,6.467605894711939
120020206,8.643703267152317
120020208,7.088055321478064
120020210,5.768669120112599
120020211,7.660486884006112
120020218,4.340938155702418
120020226,4.813044255650397
120020240,8.441844919444902
120020242,7.850014998656862
120020334,7.917708999080011
120020343,8.381313768891824
120020354,8.745674389991066
120020367,5.887112734573639
120020373,8.789808137041236
120020387,6.834759553707866
120020800,7.899769005623529
120020805,7.667139989360053
120020844,8.038453072721712
121622699,8.480123197935697
121623043,8.411844400114465
121623126,7.921020422670184
121839184,8.723111652486722
121860894,8.057093712085356
126212479,6.982827419831798
137059882,5.9330061456674965
139268769,7.616052018136899
139269431,8.72604125785395
141288680,7.766495607588575
143249192,8.487350195389213
143249413,7.777852209864641
143249470,8.589291969970072
143249640,8.540163296202248
143249864,8.102785735444266
143396594,4.015982792774272
143398250,6.703895238510149
143416561,7.90829469509928
143418891,7.849772502680905
151949699,8.699356818963158
152335372,8.27484701494324
155442829,7.914229471021912
155445200,8.398315143950043
155635994,8.623433826330633
166867866,8.325500351664088
167256799,7.159662244864263
167256807,6.6523562286369975
32672122,7.044049014443671
34119718,6.351955415532232
34124239,7.72901876723799
34126002,7.360168135364029
34127708,6.3084563548842745
34129366,4.698740596635509
34129544,7.336604135225921
34130489,3.7616285355108676
34130604,7.073604156626301
34131191,8.6491079148305
34131278,6.082294428073813
34131807,7.403791847019595
37648633,7.863554337293154
45385910,8.419918948407117
45722930,7.752850347564164
45728298,7.846316303188297
45730390,8.095489130520228
47726570,7.183306123744782
69886156,7.1107651091374615
69886228,8.084518611659586
69886510,8.492484375069745
70332223,8.411781395819126
70334209,8.753097548590587
70334219,7.599784579161261
74924599,8.279533885780031
75474779,6.681277603961776
75653667,3.3402369313034623
75654673,8.709552840802225
80005045,7.976444061788883
81002103,7.883627110303314
86274695,8.22951731385114
86274749,7.53475217289981
86274823,7.4387664697794325
86275133,8.29705104836912
86275195,8.139753966109843
91593827,5.35220591821684
91594687,5.547296479392624
91594827,4.072673956744796
91594833,7.758823507830351
91595845,5.5033246023535085
91597877,6.402134013749912
91683191,4.625850606940673
91684663,7.727185258714743
91684979,7.062582483400839
91685475,5.312754640851901
91687083,5.941914035523065
91687843,6.454881375358734
91688409,7.282278204906841
91688455,8.67700893582053
91688775,8.518541024044696
91690129,7.199963663320056
91690341,5.266037015776464
91691877,8.27827622149577
91692521,9.211317072688553
