0E445706-1F3E-47FA-8A83-D38E2C953307,4.703338061203685
105954753,4.3690119135697945
120017988,3.1953671605387832
120018006,7.41582192016154
120018022,4.035073793559009
120018032,4.205792849447138
120018049,2.4934926338616075
120018059,2.694393625423587
120018071,4.598308382166214
120018074,4.474270151013746
120018081,2.60588152536121
120018084,3.4078965077463015
120018089,3.7541630805275172
120018090,2.9841986532073292
120018094,2.2607172321463986
120018097,3.198731377085167
120018100,2.6875332940290515
120018107,5.175342164371857
120018108,4.43064089586836
120018114,2.933615186020228
120018124,3.371959569544741
120018126,3.05409447859432
120018129,2.5721610003868984
120018132,2.8584930852768444
120018133,2.560285641815387
120018139,1.4872049456880583
120018140,2.283198236282243
120018146,4.747212396812569
120018211,2.9994131103859702
120018212,4.495957305977201
120018379,4.0281275441055
120018459,2.8652505010012477
120019294,4.9656408454587835
120019371,4.419157973824727
120019513,4.870823598368374
120019636,3.2728881104635397
120019638,3.8676713532201696
120019704,4.537925322592502
120019712,2.2582899968489825
120019749,4.409719044475252
120019849,3.474865858839441
120019850,3.2071918111698197
120019854,3.210289175180745
120020199,2.3166149238006333
120020204,2.8777024724921034
120020206,5.000623962384984
120020208,2.2959658738382904
120020210,3.5852641470912685
120020211,2.1100641792229196
120020218,5.284749018071184
120020226,7.0188345167958985
120020240,3.1404686503198778
120020242,2.2809069633494903
120020334,2.450959274171177
120020343,3.15604007836115
120020354,4.0008119413142635
120020367,2.4394779607713697
120020373,3.4436965101687345
120020387,5.133771803642241
120020800,3.3466396565231307
120020805,2.5169725634318434
120020844,3.5743141584987814
121622699,4.182865063347611
121623043,3.2093983378703976
121623126,2.385287228711646
121839184,5.065342235220636
121860894,3.1426670546503104
126212479,3.8946396080444745
137059882,4.816745352252572
139268769,2.3201093668296293
139269431,3.760481287336517
141288680,2.7934383096776134
143249192,3.2387472514265547
143249413,2.7867276021150023
143249470,4.71757375614344
143249640,4.301273601481894
143249864,2.6094861101097333
143396594,10.212168534114417
143398250,7.028818792205456
143416561,4.5223264518366
143418891,4.562298444805282
151949699,4.516554753727031
152335372,3.1843609054781847
155442829,3.559884953521687
155445200,4.921153100716477
155635994,3.300329450358053
166867866,3.512242492609683
167256799,2.9393966365531314
167256807,3.1093952821319983
32672122,2.281374938998881
34119718,7.2032992486556084
34124239,3.917302951322379
34126002,3.3262061461105774
34127708,3.1497033632276072
34129366,4.661282279548952
34129544,2.8434908365054046
34130489,8.798331715322293
34130604,3.027846487730902
34131191,5.258860783719402
34131278,2.164262137126755
34131807,2.443905712919053
37648633,2.2829282796041617
45337711,6.987839135526858
45385910,4.250986083412258
45722930,2.914398156268752
45728298,3.117186145517508
45730390,3.215053600578138
47726570,3.366054303404098
69886156,2.9963265737053555
69886228,4.003951280259783
69886510,4.0494587499122
70332223,4.410979960199662
70334209,3.683035804714179
70334219,3.734704732543224
74924599,2.9888963974786122
75474779,2.892662172574924
75653667,4.729331346875499
75654673,5.115980046468058
80005045,2.856992708368904
81002103,2.83758169085648
86274695,3.1822882697391788
86274749,5.335823535320607
86274823,2.7359228456980174
86275133,4.3904829493375175
86275195,2.684466964236122
91593827,2.7445439348544562
91594687,6.658047471129176
91594827,4.9185621057015085
91594833,2.395054634477756
91595845,4.656933571464228
91597877,2.017449081957802
91683191,7.530077373232848
91684663,2.5246658290691184
91684979,2.408464223859076
91685475,3.972338990991498
91687083,6.962117209088287
91687843,4.741076477584728
91688409,3.901386326139488
91688455,3.1051537665877103
91688775,3.6427596434582865
91690129,3.264302827866844
91690341,3.7519051765271176
91691877,3.4585300721300003
91692521,5.3534597919471425
