0E445706-1F3E-47FA-8A83-D38E2C953307,4.397008246217942
105954753,3.9108892500434007
120017988,3.8692465511918988
120018006,3.570498706627752
120018022,2.4607687374208456
120018032,4.011675039315408
120018049,3.30554214162064
120018059,3.50656045221532
120018071,1.9484779041312543
120018074,1.9649926687346901
120018081,3.3059391874876023
120018084,2.6495399739871224
120018089,2.538629080350726
120018090,2.8536581227152467
120018094,3.2581079666098445
120018097,2.1703176571216414
120018100,3.873891669132771
120018102,2.680601172504427
120018107,2.2052229346352337
120018108,2.4881994569387857
120018114,3.7862205763813193
120018124,3.525066777476928
120018126,1.9880050502792492
120018129,3.7753893570243156
120018132,2.928150292223533
120018133,3.925489458386309
120018139,2.8750630146274214
120018140,3.721004528189191
120018146,4.188562524082834
120018211,4.021139753706858
120018212,2.9735477619428634
120018379,4.138031361516872
120018459,3.740816550622901
120019294,4.4617831653599875
120019371,4.0519359740248095
120019513,4.214408504936651
120019636,3.889611700025331
120019638,4.210241088732234
120019704,4.20062935087594
120019712,3.374997968439277
120019749,4.089018928024825
120019849,3.09856504219743
120019850,2.97894174381481
120019854,3.772475375350279
120020199,3.298325734212674
120020204,2.676514858044961
120020206,4.158448276326836
120020208,2.634267805658087
120020210,2.566255163049475
120020211,3.2026415484784994
120020218,2.14341096112619
120020226,3.4326509657965234
120020240,3.957992532086639
120020242,3.4939958903810644
120020334,3.34051140033416
120020343,3.9950809156487437
120020354,4.020883677649546
120020367,2.2771216711420554
120020373,4.311279665976943
120020387,3.5694210187499396
120020800,4.169620464863857
120020805,3.349984024285458
120020844,3.9501474298593453
121622699,4.2302435411683845
121623043,4.025698685223042
121623126,3.619166742060588
121839184,4.281782437970926
121860894,4.037741965369331
126212479,3.8475199380370344
137059882,3.2246909821395913
139268769,3.5146614214814274
139269431,4.472138065881509
141288680,3.853782961615759
143249192,4.292565240050302
143249413,3.8995599576464124
143249470,4.3369640510950696
143249640,4.223018978532923
143249864,3.678089688999873
143396594,5.909624816154403
143398250,4.049011684423814
143416561,4.093044515816347
143418891,4.423161350896548
151949699,4.35991708977933
152335372,3.9859037118515013
155442829,4.3211714273923105
155445200,5.22316819817743
155635994,4.2291535704237235
166867866,4.113047054687163
167256799,3.549598931151658
167256807,3.2679928537722516
32672122,2.7417237024713117
34119718,3.403203438828756
34124239,3.6007652698903083
34126002,3.6509336571564597
34127708,2.6344061853326215
34129366,2.429911867762242
34129544,3.8064402396404304
34130489,5.36852044264882
34130604,2.789546064371421
34131191,4.571879809631772
34131278,2.354556714548602
34131807,3.446462445402815
37648633,3.715621626710943
45337711,5.495047185480498
45385910,4.063193354990627
45722930,3.811339836814555
45728298,3.909067642607876
45730390,3.7428523137428353
47726570,3.646085722922617
69886156,3.1109561649603155
69886228,4.370501994005086
69886510,4.465363372162548
70332223,4.4651697978620435
70334209,4.1946916376937855
70334219,3.3613086806724763
74924599,3.8075565614850686
75474779,3.0881656742266888
75653667,3.3477769816440754
75654673,4.242370465826069
80005045,3.972626858986072
81002103,3.8685961488066023
86274695,3.9923024363931154
86274749,4.036977673490939
86274823,3.8366379977715592
86275133,3.9939072904802377
86275195,3.89182284856569
91593827,2.1384122684393705
91594687,3.1281024696585997
91594827,2.8515594891148566
91594833,3.666538590518372
91595845,2.3872476370274147
91597877,2.698513522569866
91683191,3.056056943942681
91684663,3.557583575879599
91684979,2.974621102220678
91685475,2.4823692830880275
91687083,3.120966816880974
91687843,2.7410781109465865
91688409,2.4939628324068113
91688455,4.22535583314857
91688775,3.971865106413003
91690129,2.924381914158227
91691877,4.443385328561101
91692521,4.411016214111029
