0E445706-1F3E-47FA-8A83-D38E2C953307,7.764443175712279
105954753,8.842826485066775
120017988,5.656028046975412
120018006,5.660478332566857
120018022,3.502831021711695
120018032,7.690561170863165
120018049,2.5367966959271713
120018059,3.5944222628136218
120018071,1.6698740380197872
120018074,1.6358705137341472
120018081,2.829640708591892
120018089,2.384281560358075
120018090,4.348318832458531
120018094,4.432082454534098
120018097,1.8878914139085554
120018100,3.7344017783608385
120018102,3.83161992743615
120018107,2.8008155216264914
120018108,3.714659245878402
120018114,5.7850989440738045
120018124,2.223603709765962
120018126,1.9361525193822096
120018129,4.31538191211034
120018132,1.971045004853838
120018133,4.630578533141705
120018139,4.685348979359487
120018140,4.161312546685261
120018146,8.606937233940938
120018211,5.827437039380129
120018212,3.3659130880012
120018379,5.519549584029208
120018459,4.0010757209551615
120019294,9.03472725081355
120019371,8.241745703625691
120019513,9.465890402127254
120019636,6.562075287905622
120019638,6.147817778803564
120019704,6.779073624012806
120019712,4.678069025030736
120019749,7.47819000382903
120019849,2.2626253118593604
120019850,3.0912752561370156
120019854,5.680099227566606
120020199,2.8118115388633007
120020204,2.095011021627905
120020206,9.03727139076263
120020208,4.466265994634009
120020210,2.6956222168902757
120020211,3.45495046935482
120020218,2.7159932279930823
120020226,5.18491435104851
120020240,5.045442450193395
120020242,3.717059023848201
120020334,4.955636382888721
120020343,5.833465267659317
120020354,7.280661012739876
120020367,3.2732904938906304
120020373,4.473083288333071
120020387,2.7673270682526496
120020800,4.709821105288719
120020805,2.599215057382533
120020844,5.385455149433228
121622699,6.757738037081499
121623043,5.89505701280482
121623126,4.4233924930646715
121839184,9.106199940475316
121860894,3.2491411147510694
126212479,4.552363938997402
137059882,3.524029586677912
139268769,4.381177200145273
139269431,5.2749199436116285
141288680,3.4499068394647803
143249192,4.582859247151188
143249413,3.9712563923897686
143249470,7.7845936041335415
143249640,7.207253972335005
143249864,4.606908753353025
143396594,7.594999873302723
143398250,5.369137658784847
143416561,8.719659703910581
143418891,7.813810852125574
151949699,6.59036228680727
152335372,5.432929997262253
155442829,4.805344523136758
155445200,7.002747664251811
155635994,4.737570768525573
166867866,6.04567445762874
167256799,5.09946374871077
167256807,3.8394866482356114
32672122,2.5251941315578876
34119718,5.639025814633431
34124239,4.446785821497553
34126002,3.230763154238526
34127708,2.1245232173379818
34129366,3.8966708777990675
34129544,3.1895839950550386
34130489,7.313796510197921
34130604,1.971835464240004
34131191,4.982891127755831
34131278,2.4383426889499162
34131807,3.853605759777205
37648633,4.762436788642847
45337711,5.6292963362851065
45385910,7.168461165675589
45722930,3.0221758606707994
45728298,4.278337891663289
45730390,6.003591771049839
47726570,2.1562797903006494
69886156,2.468765833613338
69886228,5.800762446937486
69886510,5.970890997504558
70332223,5.3551575139656125
70334209,6.159912180955083
70334219,4.984331305028118
74924599,4.219385218362081
75474779,3.125341121824465
75653667,2.3440292699638023
75654673,9.444180828764257
80005045,4.768911651560075
81002103,4.242362277974001
86274695,4.927026344208002
86274749,5.259817323519637
86274823,4.030466082890038
86275133,7.244522027311807
86275195,4.536418806963871
91593827,2.571410788806856
91594687,4.850900235797007
91594827,4.312473001776293
91594833,3.8127396005995973
91595845,2.2425322501297718
91597877,2.6166270570215353
91683191,5.551621507128556
91684663,4.1840780394288855
91684979,3.621167323491721
91685475,2.2585103055008835
91687083,6.654606340034382
91687843,4.195890156160642
91688409,1.8722181640340898
91688455,4.2564766095222755
91688775,5.1209501725237585
91690129,4.573163146227755
91690341,3.894299313735067
91691877,4.380545505980994
91692521,9.261286818403685
