0E445706-1F3E-47FA-8A83-D38E2C953307,4.012677578636571
105954753,3.717341130571967
120017988,3.376696501328043
120018006,6.598532920420654
120018022,4.501755556254643
120018032,2.9752234171423404
120018049,2.4310485937903943
120018059,2.664515136406031
120018071,4.532537040282075
120018074,4.413639419152572
120018081,2.3325769622749415
120018084,2.926022457911199
120018089,2.656359369068567
120018090,2.815300940748075
120018094,2.6356800765991326
120018097,3.3776609204484784
120018100,2.4723686136068865
120018102,3.131200859016976
120018107,5.001466071967027
120018108,4.3013471302045865
120018114,2.8128436013108717
120018124,8.742844065146889
120018126,4.747488461588265
120018129,2.5537357005989985
120018132,2.8682822916649644
120018133,2.484393754638443
120018139,2.666594388789777
120018140,2.513136629044675
120018146,3.648125414989534
120018211,2.6518891575788195
120018212,6.607209383664886
120018379,3.0095701629302103
120018459,2.3560930751871423
120019294,4.199507312864428
120019371,3.88200249860228
120019513,3.8689925432056307
120019636,3.3603758519813938
120019638,3.2884356548460696
120019704,3.663137873808952
120019712,2.404849650550751
120019749,3.426803361638942
120019849,5.157299156078192
120019850,4.3636809817056825
120019854,3.264919348315117
120020199,2.2028677459404515
120020204,3.2786731416169204
120020206,3.978110979591674
120020208,3.338170128877206
120020210,4.102677191514468
120020211,2.390028512279091
120020218,5.843967088218915
120020226,4.909503089303319
120020240,3.439963676274132
120020242,2.0401751109268247
120020334,2.3869267376310908
120020343,3.3264918733493083
120020354,3.677337904189959
120020367,3.3779076827472334
120020373,2.7271009212349693
120020387,2.7961019322167893
120020800,2.8502047722300117
120020805,2.42513307109708
120020844,2.8568966581489756
121622699,3.6739318613564875
121623043,2.723032906569641
121623126,2.095085277918275
121839184,3.834340185525633
126212479,3.9386150298127753
137059882,3.604272371897327
139268769,2.328511039910864
139269431,3.3145639037479544
141288680,2.370725769047412
143249192,2.876848773451381
143249413,2.5553315116416195
143249470,3.8365997792431927
143249640,3.5379058884350383
143249864,2.130789694199993
143396594,9.622701079756638
143398250,3.480618220856666
143416561,3.6664368468845656
143418891,4.424874342389046
151949699,3.5720722606681323
152335372,2.7727278064071745
155442829,3.620190234966655
155445200,4.362530582273545
155635994,2.7843260383429644
166867866,3.3048034817687366
167256799,3.0211416001843117
167256807,3.2033002972408564
32672122,3.0674588439019037
34119718,3.8439093851317194
34124239,2.6070380473357724
34126002,2.432040899569231
34127708,3.3933837154356463
34129366,4.376245683907653
34129544,2.4617630724123636
34130489,7.613296926065759
34130604,3.063656834824424
34131191,3.3616997542501625
34131278,3.51943890127072
34131807,2.4691381107513393
37648633,2.3474924470935545
45337711,9.512439881080132
45385910,3.3945288187128755
45722930,2.3439457366999346
45728298,3.0613504518525567
45730390,3.9615602608454252
47726570,2.350762297026892
69886156,2.3685417049818414
69886228,3.626753708496106
69886510,3.103541526107328
70332223,3.333124730417976
70334209,2.7559191712213584
70334219,2.8501264091393512
74924599,3.0696908590790466
75474779,3.4254393162281365
75653667,4.961144441451545
75654673,3.775896249533855
80005045,3.265137245198614
81002103,2.647359940476062
86274695,2.8477205858949994
86274749,2.8709837069265958
86274823,2.535201799253129
86275133,3.4552114140544115
86275195,2.6390223088386553
91593827,3.9416695301259157
91594687,4.437553639018907
91594827,5.797773794564965
91594833,2.225323214558958
91595845,5.276825236809504
91597877,2.354869092984217
91683191,5.868732175706169
91684663,3.0698299464675007
91684979,2.441408430609866
91685475,4.239683833584116
91687083,3.6790531071280075
91687843,3.2438421768551327
91688409,2.8866641045754045
91688455,2.679531700165957
91688775,3.1916807169213968
91690129,2.8865527523374603
91690341,5.357684615211228
91691877,2.6729380404976153
91692521,3.9725500779688647
