0E445706-1F3E-47FA-8A83-D38E2C953307,6.448623523280261
105954753,6.2996811338477015
120017988,4.687692309417566
120018006,5.358768167716902
120018022,2.7794944802398547
120018032,6.420173086317874
120018049,2.483383314172037
120018059,3.743463674099405
120018071,2.375549369611279
120018074,2.3902132565854695
120018081,2.6483815347425437
120018084,1.9980816140555917
120018089,1.984120974158074
120018090,2.9766204338488587
120018094,3.992285108672333
120018097,1.665523225991096
120018100,3.8087343218042005
120018102,3.3540277408859636
120018107,2.8282736366694348
120018108,2.614731803220192
120018114,4.839684488097988
120018124,2.312283393441657
120018129,4.133569479307737
120018132,1.9978090933109207
120018133,3.973470274208898
120018139,3.1136614430640903
120018140,3.730327136316874
120018146,6.822999729369658
120018211,4.779981230211139
120018212,2.8767317550832048
120018379,5.961586454532911
120018459,4.031336176081461
120019294,6.748572285160882
120019371,6.265961219236617
120019513,6.866902639814013
120019636,4.865280215496675
120019638,5.699588035061426
120019704,6.588374494863126
120019712,4.006192420108982
120019749,6.528106861605022
120019849,2.1989696096773317
120019850,2.7350285180939187
120019854,5.362478429833267
120020199,2.886533836482093
120020204,1.993585978820818
120020206,7.0883976446144334
120020208,3.90253738383265
120020210,2.2799435635003866
120020211,3.663586806668411
120020218,3.088937794678946
120020226,4.842219471092549
120020240,4.720376229911037
120020242,3.536782788466112
120020334,4.237149151018285
120020343,5.060558192144281
120020354,6.39321329022225
120020367,2.799339864914202
120020373,4.7969369209318184
120020387,3.4418268483299133
120020800,4.635042988542394
120020805,2.78416511222005
120020844,5.310857698747589
121622699,6.2562476012446115
121623043,5.16007611112947
121623126,4.299926195235274
121839184,7.201303697075615
121860894,4.184547363041259
126212479,4.523664164445027
137059882,3.4400259525297163
139268769,4.005299749616772
139269431,5.518920591167904
141288680,3.6377614436008185
143249192,4.747856150337149
143249413,3.689951313757906
143249470,6.71457393989023
143249640,6.328413071761729
143249864,4.071153635341199
143396594,7.939727281466537
143398250,5.147945882833339
143416561,6.455482800752231
143418891,6.261271511439725
151949699,6.528341835836905
152335372,4.893813367719067
155442829,4.782824074704696
155445200,6.303090542407303
155635994,4.984514882578502
166867866,5.426447626479796
167256799,3.625901402410079
167256807,3.6512055058985955
32672122,2.579271230901052
34119718,5.135749362303075
34124239,4.108861617707618
34126002,3.434276158304246
34127708,1.8504274552792472
34129366,2.846569342601718
34129544,3.1699153100896393
34130489,6.8312315761843205
34130604,2.2354418728602248
34131191,6.786524703521881
34131278,2.0226467869492573
34131807,3.7817216150972897
37648633,3.9340209287002588
45337711,5.233417237525495
45385910,6.34845454576989
45722930,3.3689692240749376
45728298,3.73332659588026
45730390,5.281742487898792
47726570,2.5716033524870032
69886156,2.411853879769084
69886228,5.7523863455898665
69886510,5.768718252948521
70332223,4.854023679995397
70334209,5.538119291950514
70334219,4.92323926030714
74924599,4.452031130762577
75474779,2.8089926391896283
75653667,3.1445779492400474
75654673,7.271969063291736
80005045,4.153751965530695
81002103,4.0009853972297815
86274695,5.073290632667902
86274749,4.4330622144358545
86274823,4.041255536759978
86275133,6.508678558954534
86275195,4.28352060699652
91593827,1.9924290674389296
91594687,4.600426846323951
91594827,3.1333941719075282
91594833,3.3841730010044047
91595845,2.633313413228184
91597877,2.280778119890463
91683191,5.249678842262378
91684663,4.230579455597877
91684979,2.59605258548181
91685475,2.1635863221357043
91687083,4.865690572626324
91687843,3.1662505552295666
91688409,2.182773945464416
91688455,4.457378569452017
91688775,5.434907678398924
91690129,3.720067514451439
91690341,2.1264359554043515
91691877,4.897183485807311
91692521,7.421482534058612
