0E445706-1F3E-47FA-8A83-D38E2C953307,2.8885815043553587
105954753,2.1331875871787056
120017988,1.7280967002422296
120018006,3.9443393500435544
120018022,3.2508544886476227
120018032,1.6083326829623952
120018049,1.6350479557176436
120018059,1.643445121473188
120018071,2.0078124564898507
120018074,2.1063645132750035
120018081,1.597840886458117
120018084,1.556637558498315
120018089,1.5379127487716058
120018090,1.4557782404584465
120018097,1.6908706137633223
120018100,1.9350700118254305
120018102,1.5981761475798701
120018107,2.840672582961514
120018108,2.9527238921880046
120018114,1.9434444487262863
120018124,1.5514599583466537
120018126,1.729081144619116
120018129,1.3369019768316477
120018132,1.8146380854760222
120018133,1.9546918509222941
120018139,1.304918410435098
120018140,1.7180233194755696
120018146,1.7598298012829527
120018211,1.8411950682785916
120018212,4.251234234488226
120018379,1.7065861623082257
120018459,1.6572502737970738
120019294,3.0346436744395713
120019371,2.4526516616504006
120019513,2.4480185301391097
120019636,1.6706201847342146
120019638,2.16885823834167
120019704,1.8085545486173666
120019712,1.5024192883788587
120019749,1.6982630637207796
120019849,2.4413734789384147
120019850,2.7081903451133775
120019854,2.276912048850443
120020199,1.4217743911630327
120020204,1.5587161207787767
120020206,1.8937131904366475
120020208,1.5937836870465292
120020210,2.0575268516370646
120020211,1.3533266004868645
120020218,3.049837794082032
120020226,3.385814165683661
120020240,1.9042364800137725
120020242,1.4394373067301693
120020334,1.626072040273206
120020343,1.5426744745907945
120020354,1.6555216836230755
120020367,2.502942471424427
120020373,2.328487901604831
120020387,2.811735428670439
120020800,2.209948960957386
120020805,1.7321579239087899
120020844,1.7038642851811605
121622699,2.000512041666022
121623043,1.7284840965514308
121623126,1.5685441581890687
121839184,1.888280792555738
121860894,1.9973084943951236
126212479,2.472369026883232
137059882,2.55365092227998
139268769,1.4025794729274006
139269431,2.433927768083422
141288680,1.6793408141831072
143249192,2.169067216662245
143249413,1.9307351814543032
143249470,2.6968133823153124
143249640,2.2135654822335034
143249864,1.6786068706999535
143396594,6.590786128090131
143398250,2.529294501753233
143416561,2.359102878459014
143418891,3.0858459022295195
151949699,1.961956954735456
152335372,1.8547295020285108
155442829,3.404240524956325
155445200,3.875120127176265
155635994,2.0006121439809106
166867866,2.1182168213833275
167256799,1.5357002243073476
167256807,1.6100614890847542
32672122,1.5963712767120553
34119718,2.42656984961684
34124239,1.6366271291120675
34126002,1.8683356506476307
34127708,1.9142837983708427
34129366,2.7677691449318558
34129544,1.9690859218268042
34130489,6.084274278418929
34130604,1.5206120479748735
34131191,2.201311799790376
34131278,1.5709738513312592
34131807,1.9543250010089934
37648633,1.5525612662147705
45337711,6.987271175882602
45385910,1.6692309626336008
45722930,2.0085297941011686
45728298,1.80074735924381
45730390,1.9772604447681277
47726570,2.0945706526929233
69886156,1.6857493041479834
69886228,2.7830927914045223
69886510,2.4841442608615805
70332223,2.8784325239422732
70334209,1.953368970426745
70334219,1.9653658101842533
74924599,1.9562115330275203
75474779,1.9302092969705065
75653667,3.7093016128018728
75654673,1.8794822998899086
80005045,2.293988730548627
81002103,1.8614392391222974
86274695,1.9500331351430653
86274749,1.972918916449747
86274823,1.6801276317798346
86275133,1.710070235261715
86275195,1.6125573646016835
91593827,2.3797287418438686
91594687,2.670339138861062
91594827,3.961640487824697
91594833,1.7731515761417316
91595845,2.655831517984151
91597877,1.5090178406524482
91683191,3.361171403714049
91684663,1.8882739903659735
91684979,1.7456919048005008
91685475,2.9213631166032763
91687083,2.0621908125477906
91687843,1.5246420915739822
91688409,1.7698299238841304
91688455,2.1919284140770174
91688775,1.6245920575138906
91690129,1.5947320571305554
91690341,2.4380785832502614
91691877,2.4540070664355578
91692521,2.2054364318487796
