0E445706-1F3E-47FA-8A83-D38E2C953307,4.291796102953111
105954753,4.710462777475533
120017988,5.440646119295854
120018006,12.207686283225591
120018022,9.734162384030723
120018032,4.008750364881474
120018049,6.064595114393477
120018059,7.467387445304235
120018071,8.009550588443833
120018074,7.780692812045541
120018081,5.793352819104471
120018084,7.642866065044841
120018089,9.011550868078324
120018090,10.236253547244077
120018094,7.65087184666608
120018097,8.139582243984453
120018100,5.514207325390345
120018102,5.511738647927304
120018107,9.311048924792717
120018108,10.495565818093171
120018114,4.512437092048974
120018124,8.107893553997167
120018126,8.101258314863811
120018129,7.196231975138305
120018132,6.824631838074839
120018133,4.743802456692037
120018139,4.695719667904764
120018140,5.532383978869869
120018146,3.8236255159015107
120018211,3.860852804928221
120018212,9.63187174548745
120018379,9.256940740803161
120018459,7.309631299626562
120019294,4.5295641522222745
120019371,3.8346591349647476
120019513,4.751667949458967
120019636,4.4678734469166725
120019638,3.9872638077294176
120019704,6.589297784212572
120019712,5.504724712223149
120019749,3.8215461522736174
120019849,7.983836658520414
120019850,7.138209899991505
120019854,4.824355282505508
120020199,5.792622529229508
120020204,6.684809569898782
120020206,4.521959103822891
120020208,6.912175961343631
120020210,9.202035651861147
120020211,7.680938198034986
120020218,9.330501870539557
120020226,11.753609799322573
120020240,5.8104979887762775
120020242,6.203832299394853
120020334,5.146458144391303
120020343,4.894573337894853
120020354,3.9656095029958673
120020367,9.14561352455426
120020373,6.301120999827261
120020387,9.207230082243466
120020800,5.990915977297202
120020805,6.426484890628804
120020844,7.856019072107838
121623043,3.941644055802538
121623126,5.12195632708954
121839184,4.265239781647033
121860894,6.863845821795847
126212479,9.02787029300046
137059882,9.650839114380279
139268769,5.125785001147427
139269431,4.96665913492234
141288680,5.422567712736246
143249192,4.977866391216866
143249413,5.717900577998355
143249470,3.81415088191485
143249640,3.8212869724234935
143249864,4.981395105049686
143396594,13.818479853567013
143398250,11.93684495371616
143416561,4.456395544743799
143418891,4.302771331687684
151949699,7.3809336129511305
152335372,4.396786980226181
155442829,6.587840428142909
155445200,4.935638464657667
155635994,4.866884203097134
166867866,4.46288905800763
167256799,4.702633497724972
167256807,6.270631786159444
32672122,7.120103055526919
34119718,12.349891938106852
34124239,9.728994953414734
34126002,8.54048528546731
34127708,6.5379724041356875
34129366,10.792781927170575
34129544,5.95293621507744
34130489,14.0422804498226
34130604,6.8882341058884675
34131191,9.791184114006631
34131278,6.279542042873419
34131807,6.034809063369883
37648633,5.24943530964388
45337711,11.978333485407175
45385910,4.939987333756691
45722930,6.036324006982433
45728298,5.44167848777262
45730390,4.369846948518536
47726570,6.798638176232699
69886156,8.089925924956377
69886228,4.918119951241716
69886510,4.194524533094271
70332223,9.163687291508994
70334209,5.1176517002912805
70334219,9.441885172198145
74924599,5.8993430990165585
75474779,8.487606062095992
75653667,7.86796220009554
75654673,4.346737370817378
80005045,4.25920202865207
81002103,5.070248843691275
86274695,4.766144540879379
86274749,11.74581546613375
86274823,6.87561525003505
86275133,5.1216469125111255
86275195,4.877796045373039
91593827,8.424589202099085
91594687,11.421448927721151
91594827,11.102890816931584
91594833,5.144965634295376
91595845,8.66582215383531
91597877,7.260036911018138
91683191,12.208248184821489
91684663,6.105842873214747
91684979,5.133599869675837
91685475,7.435327308808518
91687083,13.393458144026672
91687843,11.024881226595772
91688409,8.460104842277884
91688455,5.5904657152656245
91688775,7.771553386924645
91690129,10.205667955086739
91690341,10.782916934222486
91691877,5.590316972040871
91692521,4.4381854530198055
