0E445706-1F3E-47FA-8A83-D38E2C953307,5.684981709667348
105954753,6.1203555382923795
120017988,3.801287976375851
120018006,7.355077332289608
120018022,3.809566162991255
120018032,5.382951042685102
120018049,1.457684081056834
120018059,2.2700616980256294
120018071,3.9324454091896492
120018074,3.8105835757638236
120018081,1.2806846744264082
120018084,2.967418768263386
120018089,2.7962790812751477
120018090,3.6811324569136974
120018094,2.710189652666743
120018097,2.762771536928965
120018100,1.837868283618575
120018102,2.832199161949838
120018107,4.91992615615054
120018108,5.089346183313222
120018114,3.4239103216086626
120018124,2.1140837328347013
120018126,3.0090779710664384
120018129,2.5101368181232235
120018132,2.2137761573831596
120018133,2.295265158633451
120018139,2.4847809318323564
120018140,2.0390818842374827
120018146,6.34650366861052
120018211,3.3848911206661243
120018212,4.939228888875083
120018379,4.316589873803325
120018459,2.6532774293785306
120019294,6.6141517494974815
120019371,5.832425216559397
120019513,6.805081646258921
120019636,3.936758476881022
120019638,4.018145311306213
120019704,5.397946782256322
120019712,2.706675718066831
120019749,5.460179888616658
120019849,3.1248269980898726
120019850,3.3592417316683467
120019854,4.064944107253838
120020204,2.1032263853861126
120020206,6.454997293434138
120020208,3.4351008288469496
120020210,3.8276318830930447
120020211,2.3809119326331354
120020218,4.869200418429599
120020226,6.864314194658226
120020240,2.979276887966657
120020242,1.8151094257518268
120020334,2.972884974802032
120020343,3.6555779895395664
120020354,5.116539572702145
120020367,3.272633014487371
120020373,2.8298657464375934
120020387,4.4194118239148885
120020800,3.36186372384289
120020805,1.6736274122024757
120020844,4.100483869077235
121622699,5.275870536000608
121623043,3.480520058995038
121623126,2.6638806842533986
121839184,6.774849131059987
121860894,2.722044208630683
126212479,4.2580918964657295
137059882,4.540029134302501
139268769,2.621272741513523
139269431,3.335082743682483
141288680,2.0363012617228593
143249192,2.5860627147577384
143249413,2.1283778096398183
143249470,5.72219462273877
143249640,4.8613904337680065
143249864,2.468525307330078
143396594,9.80738611778703
143398250,6.60226237374677
143416561,6.2598367465940905
143418891,5.863870101177335
151949699,5.000427392926689
152335372,3.1887303173732158
155442829,3.5910714551204044
155445200,5.121038305865588
155635994,2.7752563716349394
166867866,4.0182803137648
167256799,2.790384474775456
167256807,3.2458688824452637
32672122,1.86642446289487
34119718,7.051132963406655
34124239,4.163407509926498
34126002,2.975751353150731
34127708,2.4837120412943707
34129366,4.925026795186788
34129544,1.593066793101051
34130489,9.009922313320143
34130604,1.9801573049278283
34131191,4.600763881974876
34131278,2.263678272735446
34131807,2.283405344696423
37648633,2.511305142712044
45337711,7.282516172709227
45385910,5.372480519364529
45722930,1.7210919837224194
45728298,2.742886576411338
45730390,4.107835878101821
47726570,2.261620802913927
69886156,2.2950395078088555
69886228,4.039767743078113
69886510,4.396234380276812
70332223,4.420026631357135
70334209,4.160104199296854
70334219,4.216563889781497
74924599,3.127157018888512
75474779,2.7879008761193
75653667,3.8657788930508836
75654673,6.92843266477332
80005045,2.5836832856342014
81002103,2.26616163565873
86274695,3.1702072716123917
86274749,5.676517924033388
86274823,2.445832885690129
86275133,5.593494429971837
86275195,2.646763366279374
91593827,2.9259361208033745
91594687,6.548711390122028
91594827,5.404854326364096
91594833,1.696031829122207
91595845,4.1957984402159845
91597877,1.5502257520201383
91683191,7.444086592739081
91684663,2.893597488324789
91684979,2.0372130141851916
91685475,3.8331894144826744
91687083,7.632879572969242
91687843,5.044246629761763
91688409,3.239824779129929
91688455,2.392305519233044
91688775,3.6329817133704823
91690129,3.908297117368433
91690341,4.558169986194998
91691877,2.795416495907379
91692521,6.807228156279045
