0E445706-1F3E-47FA-8A83-D38E2C953307,5.015244178968881
105954753,4.630670600708508
120017988,4.207915497007926
120018006,3.8580848355655912
120018032,4.663102691321233
120018049,3.271446614379161
120018059,3.4452375208602297
120018071,2.7649004890113584
120018074,2.606872743099611
120018081,3.315942294044198
120018084,2.763901371170778
120018089,2.7724700398020286
120018090,3.0434089286927546
120018094,3.475227638157256
120018097,2.4784034896828047
120018100,3.9625222696450506
120018102,2.454047150321868
120018107,3.0269708776161424
120018108,2.6978736022309606
120018114,4.297493502714252
120018124,3.3166049652722265
120018126,2.57590334481142
120018129,4.214882086721529
120018132,2.860573648054173
120018133,4.164158546659291
120018139,3.1115471413889786
120018140,3.78898560128358
120018146,4.9908627143893165
120018211,4.38767281435095
120018212,2.7871116960575497
120018379,4.624034184059025
120018459,4.142488458559633
120019294,4.973358620719037
120019371,4.645063535122505
120019513,5.015918650032233
120019636,4.494727407608043
120019638,4.8127835180173095
120019704,4.878339747639686
120019712,3.6119548692197267
120019749,4.600915634717004
120019849,2.5774437453833956
120019850,2.5370361942390147
120019854,3.9170217742475426
120020199,3.364178993448694
120020204,2.7336362266954994
120020206,4.898195795676553
120020208,2.8929479494711807
120020210,2.4574539725012206
120020211,3.4320602162043627
120020218,2.750457619411371
120020226,3.227659190698007
120020240,4.373119619938677
120020242,3.7529698031427587
120020334,3.571346035117587
120020343,4.41910451468368
120020354,4.6520940754253575
120020367,2.246480575831462
120020373,4.465402664176369
120020387,2.8186661801206503
120020800,4.019755023144235
120020805,3.3952670174897808
120020844,4.440066915523135
121622699,4.887742003820325
121623043,4.440255545221373
121623126,3.693265743662817
121839184,5.2143540030187525
121860894,3.995120639977644
126212479,3.9817063013331486
137059882,3.4805880192413463
139268769,3.7350774401236513
139269431,4.987989479529561
141288680,4.016049962854345
143249192,4.641145585000341
143249413,4.063222528362907
143249470,5.03874472539214
143249640,5.028938515451932
143249864,4.089600892713985
143396594,5.971068781236753
143398250,4.208580530832536
143416561,4.784849187459053
143418891,4.956909820665515
151949699,5.020528583936347
152335372,4.581131729023375
155442829,4.7445207509503335
155445200,5.072508642594766
155635994,4.631551168398495
166867866,4.776434655176249
167256799,3.801709191862735
167256807,3.4375750280051505
32672122,2.9933357717099036
34119718,3.5782595255391594
34124239,3.871467848798478
34126002,3.4759332094625153
34127708,2.7421509950089846
34129366,2.6536851041688427
34129544,3.8087115267951206
34130489,4.909331341771149
34130604,3.003182535690899
34131191,4.319129836153672
34131278,2.370119729063776
34131807,3.489448454466354
37648633,3.783412479794469
45337711,4.4503946014926745
45385910,4.806073129263608
45722930,3.740382147424248
45728298,4.062371982139221
45730390,4.433091777658629
47726570,3.4114408883544156
69886156,3.1928865479284885
69886228,4.825215308408772
69886510,4.683603720221374
70332223,4.72416730752605
70334209,4.696966423629138
70334219,3.673665697654594
74924599,4.128229087677308
75474779,3.0213720343311987
75653667,2.7056678544164225
75654673,5.127659725321035
80005045,3.998389400420135
81002103,3.963239507016829
86274695,4.295626784203379
86274749,4.0153249278409415
86274823,3.829682527721605
86275133,4.815003683913846
86275195,4.246377280765719
91593827,2.1160621735252314
91594687,3.3233152303606732
91594827,2.504406696531755
91594833,3.6830561666167596
91595845,3.237683374191351
91597877,2.7945112438592323
91683191,3.7887128660964784
91684663,3.651951193863476
91684979,3.1494997437748737
91685475,2.3825141960043625
91687083,3.7627998227847312
91687843,2.8356222776016375
91688409,3.0381076274710117
91688455,4.472461463893076
91688775,4.607072983508341
91690129,3.4350506359039783
91690341,2.684971274665376
91691877,4.349880521974156
91692521,5.130206369675682
