0E445706-1F3E-47FA-8A83-D38E2C953307,6.479482947933014
105954753,7.074911312092379
120017988,4.224172807681393
120018006,6.8112292971632025
120018022,3.4661875165342417
120018032,6.754337644161647
120018049,1.6530765867985464
120018059,3.136050079215477
120018071,2.711621809167867
120018074,2.6731024129818426
120018081,1.7612478722613367
120018084,1.888651602956565
120018089,2.3078075561861837
120018090,4.291000012440798
120018094,3.7619406543314957
120018097,2.009595343925618
120018100,2.7995154704581813
120018102,3.348456801682775
120018107,3.274852086122661
120018108,4.256122987999156
120018114,4.3590048278748466
120018124,2.0756744636924203
120018126,1.7510358229875453
120018129,3.286758938924382
120018133,3.0994372122699128
120018139,3.203061873940185
120018140,3.0429080578626975
120018146,7.3478230562340325
120018211,4.561241863174366
120018212,3.729819438890512
120018379,5.318998305799472
120018459,3.523863393139866
120019294,7.564123735166012
120019371,6.974985487951886
120019513,7.77430776615556
120019636,4.760655232016675
120019638,5.350838312443123
120019704,6.263958937218249
120019712,4.055484261199955
120019749,6.81251001827307
120019849,2.053963671609808
120019850,2.4745104714497352
120019854,5.232316064543353
120020199,1.9401810167477453
120020204,1.3718640456511018
120020206,7.911545234968346
120020208,3.9175836596611937
120020210,3.133618509125765
120020211,3.171102375999765
120020218,3.57597314149323
120020226,6.4124752096842865
120020240,3.7775926353948233
120020242,2.7091105256504457
120020334,4.07911404483347
120020343,4.677165016726013
120020354,6.342019771598416
120020367,3.2025231125540388
120020373,3.7271361564793324
120020387,3.839615683689023
120020800,4.0406640544062755
120020805,1.986741151636922
120020844,4.97607300659631
121622699,5.913573636536883
121623043,4.755216574471491
121623126,3.93046488254404
121839184,7.732878019003798
121860894,3.3340851942653296
126212479,4.734124470460774
137059882,4.437981144130733
139268769,3.3608808479385064
139269431,4.40133187017106
141288680,2.768037369826949
143249192,3.7782570537930695
143249413,2.749563561825727
143249470,6.722731355212589
143249640,6.117077440874056
143249864,3.411279494029452
143396594,8.662344542673624
143398250,6.441394099101381
143416561,7.259749057878219
143418891,6.60672695292926
151949699,5.845344299765918
152335372,4.227522546501182
155442829,4.2533094910635985
155445200,5.573057836619691
155635994,3.941200059449343
166867866,4.641421131287702
167256799,3.3309178366824206
167256807,3.8760625222555496
32672122,2.0529893622258144
34119718,6.836074754846863
34124239,4.826060614452419
34126002,3.4605693865355627
34127708,1.6767692204121571
34129366,4.560851821282644
34129544,2.2089817355157813
34130489,8.098442082321927
34130604,1.495442145552281
34131191,6.135244305586281
34131278,1.5704980456732969
34131807,3.24988305160951
37648633,3.496641104794151
45337711,6.262978732049891
45385910,6.207322099181389
45722930,2.265042101174841
45728298,3.1254063057816657
45730390,4.8555389558257325
47726570,1.7813137804669998
69886156,2.3606756490463208
69886228,4.835705919243013
69886510,5.272991399516644
70332223,4.92270660742862
70334209,5.002589399904947
70334219,5.258235104342046
74924599,3.7825514397091213
75474779,3.009172246739695
75653667,3.2266400226240277
75654673,8.147486427000302
80005045,3.607333115447035
81002103,3.172349604147298
86274695,4.160670450186534
86274749,5.764543321052161
86274823,3.464302936234449
86275133,6.537358818320202
86275195,3.6146786307255856
91593827,2.557580327839664
91594687,6.16502210306704
91594827,4.646253644562956
91594833,2.7115920051548916
91595845,2.7987965359504026
91597877,1.8424250895122714
91683191,6.697217152058988
91684663,3.9498329275343287
91684979,2.278820291782602
91685475,2.3728380121576307
91687083,7.5181017036440165
91687843,4.812388258767433
91688409,2.549710800294853
91688455,3.161723088487727
91688775,4.408655575946131
91690129,4.470100993230018
91690341,4.299981503630173
91691877,3.672043806346194
91692521,7.859654907979045
