0E445706-1F3E-47FA-8A83-D38E2C953307,3.820366557711588
105954753,3.1865551361150914
120017988,2.106926507928941
120018006,3.255280655215134
120018022,2.3845324473451686
120018032,2.02763591182086
120018049,2.2023029576124524
120018059,1.7973466796240292
120018071,1.9662916252029776
120018074,1.8572370339597168
120018081,2.036734731038554
120018084,1.9549007440261563
120018089,1.7602518036027959
120018090,1.852520422950346
120018094,1.7126277408496848
120018097,1.7607884544126322
120018100,2.741828716844133
120018102,2.0572138117602035
120018107,2.184284529384482
120018108,2.372768911607734
120018114,2.5238854853584924
120018124,2.6973194544704167
120018126,1.8428044783592152
120018129,1.7119153856922869
120018132,2.3030244206410107
120018133,2.3436102330379307
120018139,1.993637444731647
120018140,2.2759474025408153
120018146,2.059026802640254
120018211,2.3722905941049186
120018212,3.166227074106219
120018379,2.026287128714919
120018459,1.9201919972187496
120019294,4.080629320023511
120019371,3.3390057286980164
120019513,3.476953552448301
120019636,2.071419600507762
120019638,3.0923508719654667
120019704,2.2171497403555174
120019712,1.9763055060215642
120019749,1.956286044461289
120019849,3.03165888726976
120019850,2.8131517414259815
120019854,3.3349242786401563
120020199,1.8109103719115616
120020204,2.1701846714100026
120020206,2.410456962192962
120020208,1.8229870911004167
120020210,2.019579671489353
120020211,1.8928434427468919
120020218,2.1183074699487805
120020226,2.85217652070136
120020240,2.2228022646482417
120020242,1.757745907953109
120020334,1.8260622989503374
120020343,1.8261862314529154
120020354,1.7625151016595015
120020367,2.0581973126594617
120020373,2.431752507533819
120020387,2.8223553279232108
120020800,2.8538928443146885
120020805,1.9480553922039774
120020844,1.6190366560037295
121622699,2.13228525635613
121623043,1.9574779744527324
121623126,1.6422610006497471
121839184,2.2745504501920095
121860894,2.212524506735909
126212479,2.7521443094344247
137059882,2.1135377657840477
139268769,2.0342868150836613
139269431,2.6809814322128322
141288680,2.1603753541655526
143249192,2.4928685862836146
143249413,2.523611382743894
143249470,3.4968840097417884
143249640,2.6505539765867754
143249864,1.7535409485956337
143396594,3.953856148574564
143398250,3.079119165119207
143416561,3.202216322177578
143418891,3.9388780421138145
151949699,1.958966404889565
152335372,2.3330981390963483
155442829,4.04077123651974
155445200,4.913990264051559
155635994,2.157306078789546
166867866,2.6209429425699984
167256799,2.1135177364858806
167256807,2.239846044537482
32672122,2.0015658965853533
34119718,2.347605085894338
34124239,1.7415108655798706
34126002,2.385423291780517
34127708,2.2049726566380605
34129366,2.387835449515415
34129544,2.6055217085477542
34130489,4.818744426571394
34130604,1.924760528468896
34131191,1.7161444735172269
34131278,2.179922233249815
34131807,2.4483849181830397
37648633,1.8291117337306613
45337711,5.094455960471539
45385910,1.9238564325443714
45722930,2.3146599166578485
45728298,2.2767691158484977
45730390,2.545458092074558
47726570,2.6634440296336965
69886156,2.0216354697008168
69886228,3.6405083255230974
69886510,2.905889629553341
70332223,2.7213668280803827
70334209,1.7143152706004314
70334219,2.1175307342698564
74924599,2.29147620048949
75474779,2.147074487501237
75653667,3.0274309900392984
75654673,2.227224759039631
80005045,2.8939599542797416
81002103,2.5230729411642283
86274695,2.646572647757223
86274749,2.2823041262482966
86274823,2.404680674254179
86275133,2.26904282837754
86275195,2.005677946230882
91593827,2.0447706971032034
91594687,2.513737848316129
91594827,2.976084330504695
91594833,2.247882368963714
91595845,2.1758168380130436
91597877,1.9730921908677255
91683191,2.441684602452786
91684663,1.9758857124260878
91684979,2.260391880218814
91685475,2.3640193342792815
91687083,1.6962073839312788
91687843,1.6411250773537869
91688409,1.6675128305322693
91688455,2.3890594865794625
91688775,1.8762668360197068
91690341,1.3824387598288703
91691877,3.2298093980067244
91692521,1.9751223794690838
