0E445706-1F3E-47FA-8A83-D38E2C953307,5.266651425316263
105954753,7.170504465539643
120017988,3.79603648687484
120018006,10.691731726592957
120018022,8.672783903528511
120018032,4.61740922781444
120018049,3.4487309169452134
120018059,5.281473718438815
120018071,6.576928238281146
120018074,6.099842544726534
120018081,3.756098133809332
120018084,5.363035809534675
120018089,7.621630322164991
120018090,8.3536247202878
120018094,5.665328960905233
120018097,6.236223498168882
120018100,2.1608656437041485
120018102,3.2141783353736524
120018107,7.955570290687726
120018108,8.791009975619112
120018114,2.3967370001454924
120018124,6.049403976922161
120018126,6.407392669261985
120018129,4.643495303710056
120018132,4.823752439199315
120018133,2.151030858740965
120018139,2.934076154187811
120018140,2.9920903920532744
120018146,5.623219093722675
120018211,2.743173243783545
120018212,8.24476910544871
120018379,7.373972312359595
120018459,4.750164350345222
120019294,7.02885271872375
120019371,5.491525978271672
120019513,7.792929595778245
120019636,3.372265620920101
120019638,2.4510514405014185
120019704,5.165608773837199
120019712,3.0377999398320146
120019749,3.882607954955351
120019849,6.094770471792839
120019850,5.256090457003035
120019854,3.2757999681313703
120020199,3.177469126247172
120020204,4.7456546633858645
120020206,7.2449250147833295
120020208,5.081037500339191
120020210,7.2539778857659245
120020211,5.14029164161662
120020218,8.274915536983109
120020226,10.272204524849679
120020240,3.279127512401188
120020242,4.082628090192592
120020334,2.9898711774042748
120020343,3.3902420541040894
120020354,4.787078803832829
120020367,6.84520486342087
120020373,4.143150470658039
120020387,7.204500557039634
120020800,3.564010900838991
120020805,4.191862782419576
120020844,5.190412088011611
121622699,4.843604345657785
121623043,2.5681690307731415
121623126,2.706260760204497
121839184,6.199212424567297
121860894,4.105498845621088
126212479,6.522775809164924
137059882,7.605320836731986
139268769,2.52544389194572
139269431,1.8346440946218856
141288680,1.9566486210783973
143249192,1.6319400907215091
143249413,2.751340602117395
143249470,4.121632200334097
143249640,4.033889311454696
143249864,2.318722383238193
143396594,13.320037541399161
143398250,10.375052157723182
143416561,6.871510635742714
143418891,4.876015850519196
151949699,5.933278799891721
152335372,1.6726484419434455
155442829,4.421037816061467
155445200,4.527033464451961
166867866,2.1275090595735815
167256799,4.186279368607841
167256807,4.312103601387209
32672122,4.999653013889512
34119718,11.08526806932824
34124239,7.337734292864064
34126002,6.2427242947130095
34127708,4.90166765477063
34129366,9.73855214069837
34129544,3.8451707491392413
34130489,12.423988089901512
34130604,4.697177370062305
34131191,7.6431084419736015
34131278,4.13232547425413
34131807,4.052558682612604
37648633,2.524083195359732
45337711,11.461111229388495
45385910,4.609767637973167
45722930,3.395472680355614
45728298,3.0812742813089087
45730390,2.882788745079919
47726570,4.5476615266792
69886156,5.836153267603505
69886228,2.319906639970736
69886510,3.2832177918844487
70332223,7.092424280843923
70334209,4.020968410447515
70334219,7.148798155211954
74924599,2.246792750009547
75474779,6.260066388272374
75653667,6.782456609973794
75654673,6.947865355227347
80005045,2.7024432483679917
81002103,2.2714812590619173
86274695,1.9411462111926836
86274749,9.987614289991283
86274823,4.448717090899783
86275133,4.608781526394407
86275195,2.185126055497465
91593827,6.786550548408797
91594687,10.028890335756936
91594827,9.41991976494253
91594833,2.2698772929498583
91595845,7.102627505197303
91597877,4.639822643464332
91683191,10.861590057666039
91684663,3.8665570621599348
91684979,2.78451230916232
91685475,5.585307043799547
91687083,11.910369901407472
91687843,9.243788400060103
91688409,6.3661460015133695
91688455,2.421249899663255
91688775,4.809389886157002
91690129,7.715735115957815
91690341,9.334534990541538
91691877,2.640445127777677
91692521,6.44012875009935
