0E445706-1F3E-47FA-8A83-D38E2C953307,3.332139087585789
105954753,4.973399853095314
120017988,4.0148245897339105
120018006,10.341508804954213
120018022,7.666627966194119
120018032,3.816471782691131
120018049,3.954119471706127
120018059,4.794510662495908
120018071,6.343777498764935
120018074,6.214406995016875
120018081,4.155470401273104
120018084,5.5364819779094985
120018089,7.060903535988384
120018090,8.068870372520939
120018094,5.603425449684397
120018097,5.814332209823644
120018100,2.940749417027276
120018102,3.173002134768857
120018107,7.570508056594933
120018108,8.535195086577895
120018124,5.157730518302138
120018126,5.779585811227978
120018129,4.767395490625284
120018132,4.503793790210376
120018133,2.538721672499812
120018139,2.848337312720546
120018140,2.970839793841886
120018146,4.812675231078559
120018211,2.525357228773651
120018212,7.683766715831066
120018379,6.855177082389255
120018459,4.740885206094526
120019294,5.407401032646491
120019371,4.377194516831192
120019513,6.029064770383974
120019636,2.8203171648121055
120019638,2.466196670013323
120019704,4.968239031629903
120019712,2.892014569580027
120019749,3.838928800942464
120019849,5.134223723452377
120019850,4.915760317664161
120019854,2.9242804553445563
120020199,3.577406158865128
120020204,4.5242652936921735
120020206,5.402047471604981
120020208,4.925949704945198
120020210,7.062171087913233
120020211,5.298277850959918
120020218,7.59670283998217
120020226,10.041264423270762
120020240,3.2011011145980177
120020242,4.191793270431457
120020334,2.893759763505634
120020343,3.423065906604165
120020354,3.1670984174653056
120020367,6.6566746862857435
120020373,4.327447651374798
120020387,7.04814166728447
120020800,4.48567347109946
120020805,3.982797170911807
120020844,5.552808537424247
121622699,4.118736064687033
121623043,2.4163879939964015
121623126,3.129921659216994
121839184,4.8689650564672755
121860894,4.546311896366168
126212479,6.753683154739587
137059882,7.870301015636317
139268769,3.142830396944067
139269431,2.5887784047284823
141288680,3.5654573213607628
143249192,2.609365095692821
143249413,3.2218354158434663
143249470,3.5591442094109857
143249640,3.2383996200941585
143249864,2.8059713271633497
143396594,12.826529654305077
143398250,10.043633572780836
143416561,5.374890453684786
143418891,3.967920015803289
151949699,5.887850061769148
152335372,2.2512592572064714
155442829,4.623725461082281
155445200,3.180595393164219
155635994,2.4709012153260193
166867866,2.424370729882534
167256799,3.837171585476042
167256807,4.459215253402804
32672122,4.993857437007948
34119718,10.4980829784952
34124239,7.598372449012284
34126002,6.12975518904946
34127708,4.58327756861605
34129366,9.06207381364543
34129544,3.921308757280096
34130489,11.810854258099928
34130604,4.669190597004591
34131191,7.559140413206087
34131278,4.104962914448115
34131807,3.9694476207006297
37648633,2.811024434688044
45337711,10.212086260491052
45385910,3.9372330276391874
45722930,3.6913736564378485
45728298,3.6455752325741253
45730390,3.1135984642981254
47726570,4.677334251412587
69886156,5.995349091222047
69886228,2.5544502717645483
69886510,3.005654059166143
70332223,7.4915286598704744
70334209,4.237578953814568
70334219,7.098132391175448
74924599,3.2531355930098544
75474779,6.075485303236118
75653667,6.116098067992804
75654673,5.729239326704754
80005045,2.607402999593895
81002103,2.835368477214556
86274695,2.397314847944481
86274749,9.627617708944902
86274823,4.578143311470129
86275133,3.9357303392192327
86275195,2.7051212613307767
91593827,6.662950154712838
91594687,9.577707530286593
91594827,8.778306429251288
91594833,2.8980568126652932
91595845,6.560344713472639
91597877,4.659467289326634
91683191,10.35381126636029
91684663,3.7979861323167956
91684979,3.317256621102316
91685475,5.662868796986766
91687083,11.275207982541586
91687843,8.797265732961163
91688409,6.588685810989377
91688455,2.989802012462357
91688775,5.2159359812181325
91690129,7.689922646724382
91690341,8.722421048248075
91691877,3.0519759336587216
91692521,4.970892236825163
