0E445706-1F3E-47FA-8A83-D38E2C953307,3.391869852649978
105954753,2.7828260711201653
120017988,2.5536241898251637
120018006,3.2399472206883178
120018022,1.7753016636884518
120018032,2.5700082386107397
120018049,2.092843461515736
120018059,2.356958141966887
120018071,1.5471371174795925
120018074,1.6360524100877354
120018081,2.1372689737464015
120018084,1.532381676795477
120018089,1.7541825469290218
120018090,1.6393062087487118
120018094,1.8239104188987345
120018097,1.355485975624245
120018100,2.7268162064950077
120018102,1.652927519494995
120018107,2.2054209934862774
120018108,2.3608290748250136
120018114,2.7289012390467513
120018124,2.1669664878037764
120018126,1.3982316547959581
120018129,2.5066555279919247
120018132,1.9531057517912782
120018133,2.7614723390323395
120018139,1.9035903725369292
120018140,2.473539335063826
120018146,2.8619006517173577
120018211,2.7232264520288223
120018212,2.9552101748954014
120018379,2.6292005512796246
120018459,2.497658750222316
120019294,3.4829220304105366
120019371,2.9320239830528934
120019513,3.167339595471419
120019636,2.4524043597404597
120019638,3.0102341088405824
120019704,2.776492261334227
120019712,2.1897117869042497
120019749,2.6200708467678147
120019849,2.3889821416636887
120019850,2.962156057145109
120019854,3.217680623647312
120020199,2.0922016585056586
120020204,1.8874680196111033
120020206,2.925442804302781
120020210,1.8178928199229416
120020211,2.0466443487315495
120020218,2.226756409671421
120020226,2.6313347431488148
120020240,2.6971926528120838
120020242,2.3425902959284044
120020334,2.282927716187973
120020343,2.5534303974946604
120020354,2.5118685680599495
120020367,1.9286727649932454
120020373,3.0082694925998883
120020387,3.048965972531122
120020800,2.4310908733906698
120020805,2.0930776586819357
120020844,2.603334188469279
121622699,3.093990571169965
121623043,2.6885605813332685
121623126,2.1995009772087695
121839184,2.9704930325500576
121860894,2.5446229465992833
126212479,2.8386724075935703
137059882,2.5436294717420185
139268769,2.1277900755614714
139269431,3.295781728563061
141288680,2.556059281652122
143249192,2.9908879757761975
143249413,2.7804115389580115
143249470,3.357338252563015
143249640,3.1060461037697626
143249864,2.5467261396622085
143396594,5.77341198419918
143398250,2.9272143564666395
143416561,2.9785278438660425
143418891,3.4829511265768467
151949699,2.9155965659372765
152335372,2.794417298541561
155442829,3.6883117727163826
155445200,3.821550906352105
155635994,2.885190014977265
166867866,2.891463838845839
167256799,1.929403555543545
167256807,2.0174018705359256
32672122,1.7319247522502264
34119718,2.2550878584530936
34124239,2.219608388932745
34126002,2.246504908384097
34127708,1.704087151263002
34129366,1.9160229686765384
34129544,2.4665208100240426
34130489,4.931708035672999
34130604,1.9216869570099298
34131191,2.821999144617021
34131278,1.4896072434887497
34131807,2.273451870409097
37648633,2.313467666132568
45337711,5.200656770862145
45385910,2.6424948113773024
45722930,2.7337017739563523
45728298,2.3930078822308687
45730390,3.2872136288569767
47726570,2.5794994640427373
69886156,2.0490206758343996
69886228,3.2715086913258173
69886510,3.233268616053073
70332223,3.2911723557049113
70334209,2.899480453876233
70334219,2.4993641552911083
74924599,2.6084368881884044
75474779,1.9256637523489772
75653667,2.4707148094255125
75654673,2.944495856121395
80005045,2.9015916284709484
81002103,2.4741842960421128
86274695,2.692326604226565
86274749,2.5722389868771125
86274823,2.5512533842660448
86275133,2.620777805866706
86275195,2.3925416918198374
91593827,1.6271829723708071
91594687,2.632858831692382
91594827,3.0896398435993437
91594833,2.4260580890517573
91595845,2.3888313122060683
91597877,1.6434455584531555
91683191,2.92999560363934
91684663,2.1764479582639664
91684979,2.0931871143288747
91685475,2.2305193886133923
91687083,2.088294003043107
91687843,1.6001838080342135
91688409,1.7444546722185212
91688455,3.00002746397924
91688775,2.5107659226601844
91690129,1.768356836383421
91690341,2.0166476980426045
91691877,2.763318901657258
91692521,2.9409088217460573
