0E445706-1F3E-47FA-8A83-D38E2C953307,3.332900479709923
105954753,3.20379018331051
120017988,2.774040726569407
120018006,8.137276456319658
120018022,5.519622096594122
120018032,2.8620749987672514
120018049,3.2542140328076115
120018059,3.021574045327807
120018071,6.069295748562646
120018074,6.174381930734782
120018081,3.040703654265384
120018084,4.6794659774159575
120018089,4.716866874887272
120018090,3.9109833468244464
120018094,2.3101463800361985
120018097,4.721321014446383
120018100,2.3123741974089596
120018102,2.754171842674635
120018107,6.423155610810776
120018108,6.137563900182766
120018114,1.9956549436973143
120018124,3.821281103082979
120018126,4.6919006099948914
120018129,2.2792362253257843
120018132,4.029743275176525
120018133,2.1251209664238715
120018139,2.372664090604161
120018140,1.8539970084980182
120018146,3.503223134866902
120018211,1.671266275736722
120018212,6.274967873007249
120018379,3.3664974543656694
120018459,2.544615538145232
120019294,3.6394323547840206
120019371,3.1620419577920993
120019513,3.642236327911963
120019638,2.274411553041181
120019704,3.56868996768269
120019712,2.020575929364182
120019749,2.93833756300241
120019849,5.119711912939828
120019850,4.800921236082184
120019854,2.873660793660395
120020199,2.6184223537803573
120020204,4.173601148651912
120020206,3.7608173450538707
120020208,2.7604557367006315
120020210,5.243408655514028
120020211,2.690864888993409
120020218,7.049940962391241
120020226,7.74450072511321
120020240,2.14156028128727
120020242,2.061510001150251
120020334,2.170466390875632
120020343,2.0979713436888145
120020354,2.8398887018811663
120020367,3.9090613943184755
120020373,2.70719471448911
120020387,6.527080609189094
120020800,2.7531540177827227
120020805,3.0179898798903584
120020844,3.100723964144564
121622699,3.541849496533956
121623043,2.1484008747700543
121623126,2.283069458001308
121839184,3.8781213959404717
121860894,3.3343871128835456
126212479,4.271920698875176
137059882,5.585193979244138
139268769,2.1836058273445387
139269431,2.3563313198640783
141288680,2.3335604823306184
143249192,2.109370323583823
143249413,2.3888203407524977
143249470,3.5052684681902937
143249640,3.085127059199929
143249864,2.21076359727854
143396594,11.22692860401578
143398250,7.268541343685663
143416561,3.5066546356649932
143418891,3.4063423360556113
151949699,3.5889748658882272
152335372,1.8697938498742808
155442829,3.307779114034401
155445200,3.4794605993769405
155635994,2.154970906820893
166867866,2.6232468372769824
167256799,3.2869756089775057
167256807,3.139705500951515
32672122,2.9278730461035742
34119718,7.708804518147861
34124239,3.9489929438215214
34126002,3.6365192177651857
34127708,4.503047357022655
34129366,6.492882735804489
34129544,2.49113440587688
34130489,9.921243707029445
34130604,4.057314402444991
34131191,4.091053410204873
34131278,3.65507258728168
34131807,2.3053022057478185
37648633,2.0578314822679187
45337711,8.749920031097135
45385910,3.2174530269163766
45722930,2.945160291756517
45728298,2.994455046625995
45730390,2.2906871894107996
47726570,3.9123583832749853
69886156,3.708579871529699
69886228,2.8915825799218187
69886510,3.032343362153424
70332223,4.179048492681661
70334209,2.5955934547389643
70334219,3.5864196043452536
74924599,2.8271377237395896
75474779,3.460727414916847
75653667,6.2518311223657115
75654673,3.852489281373097
80005045,2.1545048447939235
81002103,2.1699667932817617
86274695,2.3644364796919644
86274749,5.603151207168801
86274823,1.8621554207832194
86275133,3.1836743649192627
86275195,1.9599919482792747
91593827,4.315528611800368
91594687,7.4837684759085885
91594827,6.304402966014052
91594833,2.693885206500024
91595845,5.913166337393612
91597877,2.969470185230634
91683191,8.342106075102581
91684663,2.7393879781767567
91684979,3.12131275548641
91685475,5.338330710306415
91687083,7.478771422165906
91687843,5.622658158505436
91688409,4.991770111959308
91688455,2.58688135484628
91688775,3.0251634637922193
91690129,3.8274535375566168
91690341,5.359737485993415
91691877,2.4725992287394267
91692521,3.93454466301243
