0E445706-1F3E-47FA-8A83-D38E2C953307,4.49247830104473
105954753,4.230760208552952
120017988,3.6022561779186004
120018006,5.94907834800951
120018022,3.2616317563695763
120018032,4.066008681311475
120018049,1.678359862105205
120018059,2.5567894835253897
120018071,3.449617498430143
120018074,3.343285171801118
120018081,1.6523944989152095
120018084,2.295414093579113
120018089,2.313493914004224
120018090,2.20654562400745
120018094,2.424140508012132
120018097,2.353370340168048
120018100,2.44184794173268
120018102,2.2030576771618096
120018107,4.423964751988219
120018108,3.8412745718738
120018114,3.114200353451676
120018124,1.9470378186021409
120018126,2.4231920907682776
120018129,2.8695075371882126
120018132,2.2746797220816886
120018133,2.6036470466852473
120018139,1.7884351400233147
120018140,2.2641963185631826
120018146,4.732544625626519
120018211,3.028457278430072
120018212,4.388731070385667
120018379,4.172745059183155
120018459,2.5954268203909865
120019294,4.757378979667107
120019371,4.226398407839647
120019513,4.700790309192013
120019636,3.427624158516078
120019638,3.8859320181582104
120019704,4.572111334220661
120019712,2.1109259554021387
120019749,4.331368316293631
120019849,3.05723347291712
120019850,3.158526911846713
120019854,3.466080623290705
120020199,1.629804551108849
120020204,2.022401627371807
120020206,4.680199476666663
120020208,2.442010355467945
120020210,3.0562612388751584
120020211,2.3052912166212947
120020218,4.420295849036763
120020226,5.113384367651283
120020240,3.1628999096742403
120020242,2.0538999299904797
120020334,2.4070609355973818
120020343,3.3654810512338016
120020354,4.30781967485695
120020367,2.548197112236517
120020373,3.434806676902911
120020387,3.4136672229268044
120020800,3.541427102075153
120020805,1.9521376033963729
120020844,3.846856720732219
121622699,4.257978797932007
121623043,3.4052890979115404
121623126,2.412690190358466
121839184,4.935623706934833
121860894,2.9820626581689993
126212479,3.724052623440561
137059882,3.607649580073398
139268769,2.5912025252850683
139269431,3.9677390148283216
141288680,2.459801655688505
143249192,3.1931396507432224
143249413,2.6235368753018213
143249470,4.655069832742742
143249640,4.402452794963169
143249864,2.752498401637996
143396594,8.817182594113289
143398250,4.890632837914765
143416561,4.4270784689633595
143418891,4.567571449993314
151949699,4.705023223346067
152335372,3.327352688290051
155442829,3.8946820555163244
155445200,5.147236016177086
155635994,3.3237228411174473
166867866,4.024891220358627
167256799,2.479792589941381
167256807,2.661982826383056
32672122,1.8552137717568615
34119718,4.8035671085147715
34124239,2.9739250329884497
34126002,2.761177254372784
34127708,2.527909798639382
34129366,3.6197552392281453
34129544,2.2564744585312604
34130489,7.257133616048243
34130604,1.9419929072369653
34131191,4.640346117507494
34131278,2.0348147847749667
34131807,2.465253476021233
37648633,2.377033204856436
45337711,6.64724200306011
45385910,4.380602610515542
45722930,2.2606928026236264
45728298,2.89103331199078
45730390,3.612564962031816
47726570,2.379318086620059
69886156,1.8708410332187755
69886228,4.26737244270098
69886510,4.105769979246253
70332223,4.316652869717882
70334209,3.8711137586153743
70334219,3.1790342079609983
74924599,3.2683296176980847
75474779,2.5587328857396368
75653667,3.861610184677209
75654673,4.8806754377169925
80005045,2.6512532492398972
81002103,2.821169763742438
86274695,3.510032986112909
86274749,3.7499841786642842
86274823,2.4551205306464596
86275133,4.425877741997821
86275195,2.830264448040786
91593827,2.6274226051162257
91594687,4.606922065768749
91594827,4.181895545794679
91594833,2.0696863441265503
91595845,3.6365745666786515
91683191,5.763505276674447
91684663,2.8012352616183813
91684979,1.8772504772841259
91685475,3.582243567709808
91687083,4.77314312518399
91687843,2.9418163142453633
91688409,2.4889695618137586
91688455,3.2690683948695263
91688775,3.925258213626252
91690129,2.931595302350325
91690341,3.051897700837628
91691877,3.7527931119074753
91692521,4.964444869082892
