0E445706-1F3E-47FA-8A83-D38E2C953307,1.9521928788741745
105954753,1.7040756363864562
120017988,1.3740499151232455
120018006,2.4617034298732463
120018022,2.144313736339139
120018032,1.5836378096743327
120018049,1.6679356295646317
120018059,1.680262126686805
120018071,1.6083223095488723
120018074,1.8080655030239743
120018081,1.6402326407244092
120018084,1.5859501268895486
120018089,1.8928606757185318
120018090,1.4727097585998896
120018094,1.5493226457659
120018097,1.529178588092284
120018100,1.6556517741666443
120018102,1.6725461469994156
120018107,1.8169788684496035
120018108,1.7850743024090683
120018114,1.6463405234857795
120018124,1.9055537018177522
120018126,1.8465269176961676
120018129,1.6736316761699923
120018132,1.9011354786203496
120018133,1.7712801840963306
120018139,1.4743308528884342
120018140,1.713202112626864
120018146,1.6278857550791082
120018211,1.8113917252764478
120018212,2.1818315836096196
120018379,1.4653274797097038
120018459,1.616372008209339
120019294,2.3009264431040353
120019371,1.8268326210159544
120019513,2.05998553269382
120019636,1.671145830085282
120019638,1.7496094420269117
120019704,1.5449061881117008
120019712,1.8432715679392866
120019749,1.5944415380587043
120019849,1.8614145330889307
120019850,2.0119362617230534
120019854,2.856685103369475
120020199,1.7779304522845891
120020204,1.6462515829438233
120020206,1.6315422660113987
120020208,1.7776487248594979
120020210,1.6727862732817431
120020211,1.525365713145656
120020218,1.7980201851998945
120020226,2.3057083767737305
120020240,1.666853703990757
120020242,1.757980513269467
120020334,1.9937195172756255
120020343,1.6366041230270525
120020354,1.7988841824879211
120020367,1.8456508726976122
120020373,2.012340000005321
120020387,2.1215193480108954
120020800,2.4349814829056053
120020805,2.0154232435110746
120020844,2.117310462168069
121622699,1.6516889825084007
121623043,1.6251558021143893
121623126,2.0704445294504845
121839184,1.6747626858053133
121860894,1.649135132852179
126212479,1.851914122881698
137059882,1.7133924616215928
139268769,1.4384069308899254
139269431,1.9756540874800192
141288680,1.751789312628928
143249192,1.7166490979343245
143249413,1.8592193221241382
143249470,1.9094660073517917
143249640,1.6702169358853625
143249864,2.053621654839559
143396594,2.430269213016692
143398250,1.7310344841015004
143416561,1.7477065951668105
143418891,2.0392461206516246
151949699,1.82487843942079
152335372,1.534585573430754
155442829,2.868628564739402
155445200,2.3180863904628666
155635994,1.9198990154195403
166867866,1.8888351638677117
167256799,1.6234381061745444
167256807,1.5242702607300997
32672122,1.9126181576741226
34119718,1.5251216180767415
34124239,1.832751893984667
34126002,1.5735665574043673
34127708,1.761308198059385
34129366,1.5132606267521747
34129544,1.595603182113572
34130489,4.26464197139346
34130604,1.7497298293375092
34131191,2.0641973823199327
34131278,1.6387947089884913
34131807,1.7843655161736478
37648633,1.6959762926732143
45337711,3.9309340567242814
45385910,1.5783144329672512
45722930,1.8575217684975656
45728298,1.7451444776729792
45730390,2.7023275226738583
47726570,1.752766229114872
69886156,1.9408731230772458
69886228,1.8562620179825118
69886510,2.070468425458178
70332223,2.720157145592394
70334209,2.1822049435284585
70334219,2.2293631009277175
74924599,2.0694185262008795
75474779,2.1505101732691334
75653667,2.711085754233495
75654673,1.638247037688452
80005045,1.7470633789708734
81002103,1.7223715288572008
86274695,1.5716402064397532
86274823,1.5389721651154569
86275133,1.540946843980874
86275195,1.4820650982237076
91593827,1.7519952571623127
91594687,2.0757164215108506
91594827,2.5220735687253057
91594833,1.66380880060573
91595845,2.092881543294827
91597877,1.7085256381367233
91683191,1.7658560441156261
91684663,2.245934449422891
91684979,1.6862063201538726
91685475,2.10557610985182
91687083,1.8835135889875492
91687843,1.7971649738966595
91688409,2.31143703940546
91688455,2.11388975119757
91688775,1.8753379695845809
91690129,2.2897612477677307
91690341,2.2128565503528295
91691877,1.6947818115508664
91692521,2.026834568996392
