0E445706-1F3E-47FA-8A83-D38E2C953307,4.836839819807217
105954753,6.233381215142158
120017988,3.178488617312414
120018006,8.431504638833976
120018022,5.594977714463165
120018032,4.50567166660995
120018049,2.2311769526972682
120018059,3.51065500345942
120018071,4.568762667952394
120018074,4.1429012883802905
120018081,1.9902149682321124
120018084,3.754175016958872
120018089,4.636138075312528
120018090,6.1761448217453525
120018094,4.220982265740615
120018097,4.082080395409206
120018100,1.532333437553164
120018102,2.8437487638903822
120018107,5.897006783697707
120018108,6.539746272254511
120018114,2.4749163605312634
120018124,4.3732469105787555
120018126,4.133216561633808
120018129,3.2673492089639664
120018132,2.919555881685481
120018133,1.8334528861606219
120018139,2.5788137912923386
120018140,1.822938602416492
120018146,5.766986614883535
120018211,2.871823976110542
120018212,6.06969511494078
120018379,5.2759415005763195
120018459,3.2113018467948544
120019294,6.480514586398924
120019371,5.08424331576781
120019513,6.769174264619054
120019636,3.72480471690523
120019638,2.8675882603543927
120019704,4.68431644998501
120019712,1.9738095518809042
120019749,3.9409225722427705
120019849,3.788720203393595
120019850,3.8632187052481934
120019854,3.131767782801466
120020199,1.9022638476240405
120020204,3.0093866143664565
120020206,6.248224613052242
120020208,3.730852872999997
120020210,5.2842261771675965
120020211,3.437889539722577
120020218,5.79917201477595
120020226,8.02214962074276
120020240,2.5270259276322062
120020242,2.4072772180550026
120020334,2.211905020708198
120020343,3.0240340997014257
120020354,4.165029582085142
120020367,4.926940361698926
120020373,2.4768838236007658
120020387,5.365901724358016
120020800,3.294744466472725
120020805,2.38831343002921
120020844,4.5790785977728214
121622699,3.903317051172742
121623043,2.8735510396524155
121623126,2.0608926498774713
121839184,6.133107281621338
121860894,2.9682364593236805
126212479,5.280108707500566
137059882,5.697494079794146
139268769,2.0715084461439743
139269431,2.1219558243488885
143249192,1.5144349697268547
143249413,1.534366446955611
143249470,4.1599097377863785
143249640,3.921048406182034
143249864,1.6692544601728487
143396594,10.521269554800401
143398250,7.938790557909639
143416561,6.1942575613096205
143418891,5.233720727393673
151949699,4.758469106851761
152335372,2.194982936816924
155442829,3.358529986962033
155445200,4.340081143154576
155635994,1.8855157112248053
166867866,2.770347058917777
167256799,3.294192133455727
167256807,3.4461394952908337
32672122,3.258705094584646
34119718,8.510203454367188
34124239,5.80762429117445
34126002,4.309818923631689
34127708,3.217446253317849
34129366,6.735521376317172
34129544,1.9976445786962977
34130489,10.098357292865753
34130604,3.1461358875897987
34131191,6.182052223650309
34131278,2.744730272210225
34131807,2.5896599680685326
37648633,2.0039107410731636
45337711,8.52352472924019
45385910,4.311518922305113
45722930,1.9596991980955798
45728298,2.198791058856581
45730390,3.2524049107164577
47726570,2.773586397927766
69886156,3.8793240520419343
69886228,2.6449897595155716
69886510,3.42441750102985
70332223,5.186257297075413
70334209,3.4277974783740084
70334219,5.4069173700140025
74924599,2.695002578841595
75474779,4.653644130579617
75653667,4.260209343290795
75654673,6.466465897490146
80005045,2.473905868966566
81002103,1.6673027544291565
86274695,1.853353546143058
86274749,7.641493619766946
86274823,2.8948575421444684
86275133,4.47786943591742
86275195,1.9409103508718182
91593827,4.6494853507640785
91594687,7.732767066219427
91594827,7.245735960030462
91594833,1.6125746499510054
91595845,5.1607065007169695
91597877,3.082615166853289
91683191,8.583384676531715
91684663,2.8564985568219976
91684979,2.1990730189714385
91685475,4.3109674479039874
91687083,9.587874883039536
91687843,6.886061498042671
91688409,4.536648243437639
91688455,1.7442278623411962
91688775,4.198044527412327
91690129,6.0549321512223795
91690341,6.787369430877003
91691877,1.7432648133584754
91692521,6.239008120827746
