0E445706-1F3E-47FA-8A83-D38E2C953307,8.859285329659603
105954753,8.714721826784206
120017988,6.860455850887358
120018006,3.99315989599548
120018022,3.104325239642
120018032,8.670645044522528
120018049,4.486525953985752
120018059,5.522950488096278
120018071,1.8717713068354722
120018074,2.068828710790673
120018081,4.630456149896618
120018084,2.8993179857457827
120018089,2.79128940527875
120018090,4.579538474950364
120018094,5.860778275987463
120018097,2.775943782821427
120018100,5.839777070480841
120018102,4.998542660150027
120018108,2.6589289284878403
120018114,7.203021984799863
120018124,3.779375545682608
120018126,2.7868252472704134
120018129,6.218162129150314
120018132,3.5680475524132316
120018133,6.2128312697219314
120018139,5.462013260774461
120018140,5.939809959962766
120018146,9.063535949558531
120018211,7.173781188730897
120018212,2.3532579782828367
120018379,7.551078357350562
120018459,6.123063952545613
120019294,9.015520047095626
120019371,8.709666600842956
120019513,9.224617680213186
120019636,7.602448420360108
120019638,7.810516415678205
120019704,8.673997066374175
120019712,5.998658218720119
120019749,8.731439603758986
120019849,3.315304351937484
120019850,4.389291214298958
120019854,7.05543323027103
120020199,4.730768919892142
120020204,3.3489342732371385
120020206,9.507197654320398
120020208,5.695440552933748
120020210,2.783086222112747
120020211,5.52731103005917
120020218,1.5958616950550835
120020226,3.6703445097325944
120020240,7.035499159418692
120020242,5.664785277125037
120020334,6.204597720112468
120020343,7.361076849734929
120020354,8.616711851442346
120020367,4.227661417619108
120020373,6.675940603336874
120020387,3.1975995969308326
120020800,6.484875049740927
120020805,4.493384763606773
120020844,7.154965959765059
121622699,8.120713952495693
121623043,7.291440556775587
121623126,6.262575827427149
121839184,9.502684806964456
121860894,5.54451890838256
126212479,5.579335586786861
137059882,3.5973009532770557
139268769,6.062500497434197
139269431,7.655942615338134
141288680,5.671556828490131
143249192,6.705863125795698
143249413,5.727781093485108
143249470,8.934473066104598
143249640,8.604300769195184
143249864,6.175436347992151
143396594,5.675416607001181
143398250,4.509103077009013
143416561,8.717265114780341
143418891,8.367358381768547
151949699,8.501850498836967
152335372,7.1032814624843725
155442829,6.772862052615243
155445200,8.296918703351446
155635994,7.07110440365381
166867866,7.5042945517616575
167256799,6.025553581739851
167256807,5.292926004521598
32672122,4.307605330870335
34119718,4.359847988873009
34124239,5.388396635060419
34126002,4.84056877767335
34127708,3.0640518344240912
34129366,2.427217407418132
34129544,5.288092470943238
34130489,5.17702461028014
34130604,3.5169282917836657
34131191,7.794076670942617
34131278,3.7913241053662654
34131807,5.7271230086620655
37648633,6.1053533688830885
45337711,3.88357954966469
45385910,8.498484190017304
45722930,5.253626492607037
45728298,6.170818645819679
45730390,7.366131111267639
47726570,4.07429886463829
69886156,4.107066243033667
69886228,7.889684213437475
69886510,7.8984173399035065
70332223,6.545640630546098
70334209,7.671915070413642
70334219,6.184345281660161
74924599,5.997537551472727
75474779,4.352339918119167
75653667,2.6851419625637707
75654673,9.612921123295077
80005045,6.238767863859079
81002103,6.168053811951063
86274695,6.964872622817282
86274749,5.0757426371742875
86274823,6.244249867680548
86275133,8.75711481577696
86275195,6.388222591172635
91593827,3.168203616893567
91594687,3.759841399698738
91594827,2.6227253947713476
91594833,5.462207101293832
91595845,2.2426437029581714
91597877,4.4133492900036995
91683191,3.889245701214072
91684663,5.874714829586296
91684979,4.778414386898368
91685475,2.2522104434033086
91687083,4.298056123848934
91687843,3.484187905381008
91688409,2.9610774429030964
91688455,6.582982000279742
91688775,7.235875774965359
91690129,5.093856765074424
91690341,2.66398134130407
91691877,6.753732547299835
91692521,9.767162419368
