0E445706-1F3E-47FA-8A83-D38E2C953307,2.4582372100308265
105954753,2.4063072619625325
120017988,2.855949023370822
120018006,6.500067266497469
120018022,4.588058871057886
120018032,2.411634443898562
120018049,2.4550214750874675
120018059,2.8483283312470373
120018071,4.207669564399547
120018074,4.388236045764699
120018081,2.503588648096528
120018084,3.3123014374502486
120018089,3.656844727801837
120018090,4.166932188944322
120018094,2.620397709108793
120018097,3.6390271641951597
120018100,1.8934619394914212
120018102,2.4312340719554943
120018107,4.480178932271943
120018108,4.909471966165218
120018114,2.037349557825885
120018124,3.225955114501407
120018126,3.8050354200023437
120018129,2.593184408198688
120018132,2.9150899429717883
120018133,1.9389267813566333
120018139,2.118236301382395
120018140,1.8809599928514675
120018146,2.546536867293775
120018211,1.789713274416041
120018212,4.3681056135565335
120018379,3.3041976867641614
120018459,3.1068206143506525
120019294,2.576832074320076
120019371,2.2318800172380415
120019513,2.5844064921022216
120019636,2.0582797935934227
120019638,1.8485055249275066
120019704,2.74586926319777
120019712,1.6732466104842454
120019749,2.4641895883679257
120019849,3.8907592192083458
120019850,3.300764500848931
120019854,2.029508383492354
120020199,2.357257274464263
120020204,2.910429763402535
120020206,2.7281432096408476
120020208,2.7896219131440234
120020210,4.1622434479598835
120020211,2.9543016621710407
120020218,4.901531594913704
120020226,6.272402116441912
120020240,1.8910973494282755
120020242,2.4341238887993617
120020334,1.913167656500451
120020343,2.1096495508376947
120020354,2.4476611645553423
120020367,3.4567914769291805
120020373,2.328234701803311
120020387,4.759733102018459
120020800,3.698000754252095
120020805,2.649929037451345
120020844,3.317947631705045
121622699,2.355124151691132
121623043,1.805664314224819
121623126,2.3513240358103578
121839184,2.5952871996274363
121860894,3.375404856149975
126212479,3.86131927726353
137059882,4.856482334438629
139268769,2.2363971627371506
139269431,1.6552848067245947
141288680,1.8700532453838994
143249192,1.7640839899756662
143249413,2.0800278303936994
143249470,2.2570694464407772
143249640,1.8271077514610201
143249864,2.257459919942229
143396594,7.796830642950947
143398250,6.053420102064973
143416561,2.990990688493178
143418891,2.7814094070712616
151949699,2.977020984301891
152335372,1.6506395361784927
155442829,3.0305900953318368
155445200,3.0272276271564933
155635994,2.084154477679347
166867866,2.4112241202414726
167256799,2.596225944825081
167256807,2.730393666132487
32672122,2.297383339856404
34119718,6.3582701763496985
34124239,4.078157855720781
34126002,3.6889604738250528
34127708,3.165770743266975
34129366,5.011707949669042
34129544,2.6088220911023345
34130489,7.497549227405219
34130604,3.066155583356121
34131191,3.586411046085677
34131278,2.481277365052264
34131807,2.178409550178969
37648633,1.9341924593644537
45337711,5.884900873040817
45385910,2.552721443556026
45722930,2.3009567432596585
45728298,2.7240230511927366
45730390,2.287820188768566
47726570,2.8558085511506466
69886156,3.19351490335342
69886228,1.8752910276476582
69886510,1.9826543497335243
70332223,4.211062246339802
70334209,2.3877423056513187
70334219,3.9881869688023834
74924599,2.725106097222289
75474779,3.627110398825784
75653667,4.629478049876812
75654673,2.6262988971717305
81002103,1.7785980969027813
86274695,1.9298591176749413
86274749,5.119089758619429
86274823,2.5595871973706013
86275133,2.443463681587832
86275195,2.341723130873567
91593827,3.5102852878049644
91594687,6.174674238845958
91594827,4.744094366196576
91594833,1.8863765991995747
91595845,4.280496164977145
91597877,2.5676667254585688
91683191,6.405288770848245
91684663,3.194209842680466
91684979,2.159205565110022
91685475,3.5030371860316687
91687083,6.592801271808458
91687843,4.830161607428559
91688409,3.9829244236131256
91688455,2.1226673354239765
91688775,2.6448640478890186
91690129,4.019663453844475
91690341,4.541975861818573
91691877,2.100650695530988
91692521,2.797635350083625
