0E445706-1F3E-47FA-8A83-D38E2C953307,1.991143837202215
105954753,1.610369729816331
120017988,3.805078716195558
120018006,12.249781395526783
120018022,9.99224775052651
120018032,2.1016903097688453
120018049,7.013096111527442
120018059,7.555668375270698
120018071,9.534605627761323
120018074,9.120044291998372
120018081,6.586125456057247
120018084,8.829888391249485
120018089,8.183591091178867
120018090,9.023261004834024
120018094,5.51940849738273
120018097,8.711999648050693
120018100,5.9258394145806905
120018102,6.103314344813805
120018107,10.851456678294495
120018108,10.1188389308187
120018114,3.8662029656823242
120018124,10.202076448121662
120018126,8.645985208546385
120018129,5.7238639758982695
120018132,7.825950513973442
120018133,5.588523290116758
120018139,5.435831182056228
120018140,6.4760277325848925
120018146,1.3962956070616006
120018211,4.517992714427175
120018212,10.428375121067536
120018379,6.077635376289464
120018459,5.921508791676286
120019294,1.9782647785561922
120019371,2.31369918859971
120019513,1.5797173532918634
120019636,2.6210587980146784
120019638,4.332087811670736
120019704,2.5753225382961324
120019712,6.277245278554715
120019749,3.3234355251438377
120019849,9.027434061335603
120019850,8.78457525055513
120019854,4.4034486978698135
120020199,6.803815411112831
120020204,8.006392584646225
120020206,1.318377486072169
120020208,4.7949313670278935
120020210,9.2035593831604
120020211,6.913085936766323
120020218,10.596551329647014
120020226,12.301134474331729
120020240,4.299056413436273
120020242,6.731512437652556
120020334,5.140178358544004
120020343,3.448161763727081
120020354,2.312538638394661
120020367,7.947005329333895
120020373,6.815125689833425
120020387,10.582764398757892
120020800,4.447497150048552
120020805,7.623270807422014
120020844,5.079214909164633
121622699,5.0137302220853135
121623043,3.882068805393042
121623126,5.218682441767569
121839184,1.309005857522654
121860894,7.032242105270373
126212479,8.119615827810463
137059882,9.285015606880034
139268769,4.678099438867576
139269431,4.342157237294253
141288680,5.505367940016027
143249192,5.188726294422831
143249413,5.997497110274777
143249470,2.258807881220562
143249640,2.7540388299407135
143249864,5.300433549231818
143396594,15.31951216840151
143398250,12.237163770046381
143416561,1.5960516999780432
143418891,2.8702257411699748
151949699,2.9515650536150275
152335372,4.563423851935754
155442829,4.540035136467777
155445200,3.3092986857918807
155635994,4.751933064214021
166867866,4.44985450432892
167256799,4.991481138205241
167256807,5.5227003887664265
32672122,7.161385369992734
34119718,13.224111071799776
34124239,8.4990444551452
34126002,8.262544200390835
34127708,7.9743472275054765
34129366,10.236424064106153
34129544,6.543679014102329
34130489,14.684461793232554
34130604,7.846501357360785
34131191,8.384224767691702
34131278,7.1594100525495525
34131807,5.514353173905184
37648633,5.3283763908282715
45337711,12.696494576657656
45385910,1.8357129332315159
45722930,6.789888298408357
45728298,6.443459303180945
45730390,4.798613127651114
47726570,7.995605064111265
69886156,7.746030389966664
69886228,4.242761229458521
69886510,4.596311465835774
70332223,6.46746455239375
70334209,3.286416328149411
70334219,8.48555199099621
74924599,6.289502257389322
75474779,8.428670033146213
75653667,8.929616137192648
80005045,4.461692021965735
81002103,5.395998986072514
86274695,4.505655621169781
86274749,11.295126574442282
86274823,5.130460055359796
86275133,1.803047414647766
86275195,4.8128211241409105
91593827,7.945446843209779
91594687,12.36506248766657
91594827,11.339843742134436
91594833,5.802925154631172
91595845,10.39326568335813
91597877,6.7145181427267095
91683191,13.388149226729151
91684663,5.960336858863997
91684979,5.869551602372096
91685475,9.132312823679896
91687083,13.23478270763055
91687843,11.187876107003476
91688409,8.935377573704976
91688455,6.1255801942725565
91688775,5.966743035935173
91690129,8.125637569763743
91690341,9.870523728517187
91691877,5.736732892441537
91692521,1.3498188501230302
