0E445706-1F3E-47FA-8A83-D38E2C953307,3.366394132242324
105954753,2.8953914583241835
120017988,3.0613042753184976
120018006,6.814380428286476
120018022,4.172723285434077
120018032,2.557933735833435
120018049,2.322537866071107
120018059,2.5457135938622004
120018071,4.601906825816166
120018074,4.562153354137389
120018081,2.4057197680798166
120018084,2.672594600569708
120018089,3.2072909309570603
120018090,2.9025461477934353
120018094,2.1405256685167267
120018097,3.4648430009306233
120018100,2.5113612507945513
120018102,2.319867569648116
120018107,4.589425001816453
120018108,4.588609637962079
120018114,2.4309696368696043
120018124,2.8929969854074624
120018126,3.454238315103916
120018129,2.3422515809144224
120018132,2.7123200111368475
120018133,2.500812998686596
120018139,2.300474788157321
120018140,2.2483435821918456
120018146,2.8507109079821307
120018211,2.323204225666884
120018212,5.079854228225893
120018379,2.993808120863651
120018459,2.3036864660156455
120019294,3.420609180127839
120019371,3.0422581207547545
120019513,3.013306011548733
120019636,2.4388065498582625
120019638,2.8764087272753818
120019704,3.1035653847902305
120019712,1.9667602440148357
120019749,2.584135452834346
120019849,4.239796261518367
120019850,4.171474123582952
120019854,2.5500520927648838
120020199,2.165035159154864
120020204,2.820717834145492
120020206,2.8448997382563133
120020208,2.4005335664083014
120020210,3.8123881121037755
120020211,2.0725468909470397
120020218,5.982453722950315
120020226,5.52218242634645
120020240,2.64104492615499
120020242,2.0038981664146265
120020334,2.034451609865744
120020343,2.3994680409490066
120020354,2.7283493483144325
120020367,2.8451379466558246
120020373,2.6099493529713014
120020387,3.7838673929880198
120020800,3.5663681891699914
120020805,2.3324290990415824
120020844,2.654383165486036
121622699,2.7896483522716093
121623043,2.594192451252859
121623126,1.9316288765458371
121839184,2.860637293067053
121860894,2.803920595791617
126212479,3.4458354124107515
137059882,4.480796197419809
139268769,2.235162683879432
139269431,2.961172073914941
141288680,2.283749866126425
143249192,2.6863910943127616
143249413,2.44021255873466
143249470,3.223593968117517
143249640,2.9003790620139034
143249864,2.0759779149183273
143396594,9.811335502540352
143398250,4.754823012238013
143416561,3.1046534350291815
143418891,3.793946855799768
151949699,3.0000915770033934
152335372,2.569952076749775
155442829,4.339229425521104
155445200,4.200308044723553
155635994,2.5063827806471064
166867866,2.8238656880071358
167256799,2.5476113715255884
167256807,2.6970319347540075
32672122,2.2091293972870254
34119718,4.740780785004824
34124239,2.676171915206189
34126002,2.8719956933937776
34127708,3.5892769079946847
34129366,4.0357067975831935
34129544,2.481698045094207
34130489,7.707031031434332
34130604,2.7067002979294363
34131191,3.438587426075496
34131278,2.650285742980713
34131807,2.448582351347
37648633,2.2724385263615363
45337711,8.177885617592846
45385910,2.871098979277169
45722930,2.2567702567576218
45728298,2.6107168156363265
45730390,2.756272228670563
47726570,2.6419293134628083
69886156,2.241329147525854
69886228,3.11905338723667
69886510,3.0058687705015923
70332223,3.4993376296389944
70334209,2.2743743217904133
70334219,2.6303611513009795
74924599,2.362455914155183
75474779,2.842775996554685
75653667,6.004653527920364
75654673,2.8644691969530047
80005045,2.509137876317552
81002103,2.246060421231914
86274695,2.753209695154898
86274749,3.4147158679141585
86274823,2.273666579374673
86275133,2.723580929936096
86275195,2.494188573909588
91593827,3.5164308470117542
91594687,5.107282652242601
91594827,4.713659456396207
91594833,2.2441087216894338
91595845,4.607295524450265
91597877,2.1590399898578503
91683191,6.067404258171359
91684979,2.6510573460992783
91685475,3.571824488241877
91687083,4.71576886925612
91687843,2.9107665290856755
91688409,2.990338333994224
91688455,2.495604960545763
91688775,2.4951544548421936
91690129,2.6494183380447063
91690341,4.462863233495515
91691877,2.913620692614241
91692521,2.930737905099032
