0E445706-1F3E-47FA-8A83-D38E2C953307,1.9300334280672888
105954753,1.626797300345238
120017988,2.010527387690301
120018006,6.471811654706533
120018022,5.494263195318981
120018032,1.0168378773053448
120018049,2.545864851646246
120018059,1.7224866530837508
120018071,5.302301394686259
120018074,5.660883020210575
120018081,2.135756042883807
120018084,3.781199398380499
120018089,3.67743296330594
120018090,3.4862088459278127
120018094,2.3491079538096376
120018097,3.690586368580584
120018100,1.4046293661973601
120018102,3.3921073086021685
120018107,6.080301641238034
120018108,5.42146045168927
120018114,1.3117143910469182
120018124,2.6086392653158175
120018126,4.706347751884901
120018129,1.4994004627422908
120018132,3.9754337794385055
120018133,1.4217823615402354
120018139,2.278921383609785
120018140,1.6821523064271477
120018146,1.2233735424510854
120018211,1.2107228987026843
120018212,6.530659204710194
120018379,1.1758982522717027
120018459,1.4445092125431653
120019294,2.064944719859036
120019371,1.7765272358057855
120019513,1.7280568755983274
120019636,1.1524248957114123
120019638,1.282005940688509
120019704,1.1002661027821738
120019712,1.907014239966266
120019749,1.1564496587608886
120019849,4.322795956681865
120019850,4.221597209936635
120019854,3.908064558084387
120020199,2.1302186023115968
120020204,3.5134634479784377
120020206,1.2434100436256983
120020208,3.4022813348532464
120020210,5.204286022940841
120020211,2.3910522429497605
120020218,6.89278073078426
120020226,5.521745485086648
120020240,1.0930652177940647
120020242,1.640937446650422
120020334,1.6578075474724923
120020343,1.3432260884998317
120020354,1.211596370141608
120020367,4.479473668294251
120020373,1.5149687357931059
120020387,5.229614094357924
120020800,3.5600141385633743
120020805,2.4755548843497905
120020844,1.4578168313508009
121622699,1.3177568530601091
121623043,1.0405102061170473
121623126,2.1534870551129894
121839184,1.1868506271219283
121860894,2.7068321811069698
126212479,2.4300873651261403
137059882,4.00703514684008
139268769,2.0409982004417295
139269431,1.1735353735848086
141288680,1.565774244996192
143249192,1.169130341161097
143249413,1.4672580130765918
143249470,1.6110840560372295
143249640,1.211024466095345
143249864,1.7334377612050391
143396594,10.120214843646796
143398250,3.4222855094378217
143416561,1.7024593852821477
143418891,2.299628389242482
151949699,1.3394948701293552
152335372,1.1700389488267204
155442829,3.5864601703215007
155445200,3.0746689791228676
155635994,1.1735823348810428
166867866,1.6510564206448877
167256799,2.3921948003077818
167256807,3.163816563889186
32672122,3.2580989706912016
34119718,3.857818799817856
34124239,1.924194604973802
34126002,2.4872961363219965
34127708,4.238028905247848
34129366,5.099426076078413
34129544,1.880056478940137
34130489,8.161408175022002
34130604,2.8639910466383136
34131191,1.6916587082558328
34131278,3.959010758156275
34131807,2.201119033942526
37648633,1.8539889230392304
45337711,9.225801649452592
45385910,1.007596885977708
45722930,1.9502291149544344
45728298,3.222636082013293
45730390,4.030765908953259
47726570,2.8027861240451033
69886156,2.6773295706043005
69886228,1.6763305816802294
69886510,1.5599008732960082
70332223,3.0815961872749584
70334209,1.4071114230847916
70334219,1.714032659664119
74924599,2.0239881583777968
75474779,3.16788136111647
75653667,6.673599553099617
75654673,1.1097835347129321
80005045,1.7089324467087375
81002103,1.399954045592701
86274695,1.1232011751604556
86274749,1.9402259900332
86274823,1.2852269399311234
86275195,1.2815374925329464
91593827,4.723868958084183
91594687,5.135082436456943
91594827,6.604414490145833
91594833,1.7336046445591298
91595845,5.569341134931212
91597877,2.931645430505091
91683191,6.9062719874983545
91684663,2.651750267219018
91684979,2.8548122237485565
91685475,5.872058059566391
91687083,3.9868107844631204
91687843,3.369555257091697
91688409,4.494391411737938
91688455,1.4100739710138057
91688775,1.0400141588282765
91690129,2.7292406745228237
91690341,5.594954244337776
91691877,1.3898931662440646
91692521,1.2194912339430284
