0E445706-1F3E-47FA-8A83-D38E2C953307,3.032924154595773
105954753,2.4239147126670484
120017988,1.9037361336158216
120018006,3.410478692112767
120018022,2.6356405389802906
120018032,2.090528954264175
120018049,2.0659481340403025
120018059,1.829473982083036
120018071,1.8637742408374054
120018074,1.8203923916048284
120018081,2.0407671576695727
120018084,1.9001820695644704
120018089,1.9409061369916878
120018094,1.628786383672017
120018097,1.724712461411829
120018100,2.3348954401883413
120018102,2.1890563111727372
120018107,2.5431216281060047
120018108,2.551319926958365
120018114,2.3806247353164953
120018124,2.0869846626246567
120018126,2.220680752708878
120018129,1.9829820056440552
120018132,2.1983912718967646
120018133,2.4043128802902576
120018139,1.7415963701284587
120018140,2.217325446167154
120018146,2.193681079014879
120018211,2.4057340327506425
120018212,3.627232539569012
120018379,1.9472203247228481
120018459,2.1646378254890477
120019294,3.001321165295624
120019371,2.624474196639703
120019513,2.7013857186323604
120019636,2.156208743229969
120019638,2.6691383663847508
120019704,2.064649016226946
120019712,2.0287882596428926
120019749,2.1121447303987386
120019849,2.3019507501899388
120019850,2.578485303733263
120019854,2.6087199692768723
120020199,2.0308841459549836
120020204,2.0262580470880263
120020206,2.270672864501408
120020208,1.697741914019397
120020210,1.8953676392707959
120020211,1.7687284989023948
120020218,2.3891401784851825
120020226,2.8040619715574953
120020240,2.261620175159498
120020242,2.0601887315810834
120020334,2.0312041744943103
120020343,2.0180654662879176
120020354,2.1010363649214336
120020367,2.2227798798653247
120020373,2.717137491583617
120020387,2.1103747034539855
120020800,2.2658624395042257
120020805,2.1575808333065636
120020844,2.073639229134124
121622699,2.5313278762729494
121623043,2.2167893319137963
121623126,2.060249012245786
121839184,2.336816108985921
121860894,2.261688261239598
126212479,2.410630967829067
137059882,2.165567828614503
139268769,1.812007869731199
139269431,2.7028079449023217
141288680,2.1825747408776652
143249192,2.5285373268807505
143249413,2.3748659328254784
143249470,3.0556917036612514
143249640,2.693592280276417
143249864,2.3755540718848187
143396594,5.182848548236921
143398250,2.2158578274292506
143416561,2.3872818034342287
143418891,3.0626495881673956
151949699,2.2274949970339226
152335372,2.4190576699017283
155442829,2.749297013603507
155445200,3.807892442994276
155635994,2.6228725888720774
166867866,2.5146121211992347
167256799,1.8896665584569021
167256807,1.857963621803321
32672122,1.927959139134075
34119718,2.1634365537643836
34124239,1.9163653003943506
34126002,1.8636500101439977
34127708,1.9173836551197752
34129366,2.21195484449349
34129544,2.216434064327796
34130489,4.969430093122238
34130604,2.0002885081553776
34131191,2.5463658035686834
34131278,1.981611989961834
34131807,2.0676050799259107
37648633,1.9931246600230457
45337711,5.989434275311486
45385910,2.007917212368967
45722930,2.4599355430334318
45728298,2.0107359484018357
45730390,2.6727283335710905
47726570,2.3989442839082393
69886156,2.1101241048994224
69886228,2.9589288548220556
69886510,2.7305254923004054
70332223,2.782842069289831
70334209,2.5711601769265244
70334219,2.527817704839504
74924599,3.010137843737082
75474779,2.1474492205478275
75653667,2.7406641485876717
75654673,2.3312807225712158
80005045,2.5823486129157094
81002103,2.16887707104534
86274695,2.2198963523512485
86274749,1.9977084962491272
86274823,2.1693211902827336
86275133,2.0333449476942302
86275195,2.0951956020012874
91593827,2.016069032071773
91594687,2.3429294573032062
91594827,3.3247160137591423
91594833,2.153438617023786
91595845,2.5394976216633283
91597877,1.8637749410107471
91683191,2.721319136711825
91684663,2.5599083578400834
91684979,2.0278110158691245
91685475,2.495834402947877
91687083,1.9519694799614586
91687843,1.7424893539543562
91688409,2.103354714528118
91688455,2.643313115340393
91688775,2.10082065837331
91690129,1.8884807936043082
91690341,2.279970998545627
91691877,2.5750788208554907
91692521,2.5491024184569344
