0E445706-1F3E-47FA-8A83-D38E2C953307,3.624863301730593
105954753,3.3035976750993763
120017988,2.489863654564461
120018006,6.34528915705497
120018022,4.709685139640625
120018032,2.6901718987087566
120018049,2.421764948074061
120018059,2.4116877041772034
120018071,4.552234483483139
120018074,4.3594230821946836
120018081,2.078676693531742
120018084,3.2435537859384462
120018089,2.8800088781924695
120018090,2.375216429963318
120018094,1.9894030220913737
120018097,3.670704065137367
120018100,2.3609226314289984
120018102,3.044108392215104
120018107,5.322399228595098
120018108,4.404537729304264
120018114,2.4729390184066804
120018124,4.359846463866734
120018126,4.209878009517302
120018129,1.817532703331909
120018132,2.991681810442812
120018133,2.1178456592925032
120018139,2.082886183005379
120018140,2.144470204163178
120018146,2.873423370547821
120018211,2.484538264263254
120018212,6.201455517774664
120018379,2.4295007778380002
120018459,2.299843845070231
120019294,3.5988387158365183
120019371,3.363907653376719
120019513,3.306128153506923
120019636,2.3850819078670202
120019638,2.8205874144272145
120019704,2.82882497356046
120019712,2.0734559401490147
120019749,2.9222549344356734
120019849,4.539787921937301
120019850,4.176795514740069
120019854,3.2789075615631202
120020199,2.011767551470358
120020204,3.46722432166122
120020206,3.1434039543715016
120020208,2.649655222974006
120020210,4.204086577145288
120020211,1.7532724855241535
120020218,5.969310227263328
120020226,5.072411159360018
120020240,2.5875628285256136
120020242,1.7386072217010877
120020334,1.8717623951821227
120020343,2.4305251340472687
120020354,2.65090085782241
120020367,3.173061454557162
120020373,2.507385384907596
120020387,3.6118439261182953
120020800,2.5048807405351448
120020805,2.225451485869981
120020844,2.081508703636175
121622699,2.087228424551724
121623043,2.093096875000395
121839184,2.9798641494245377
121860894,2.291511631060114
126212479,4.0422375584369705
137059882,3.5809429615062585
139268769,1.8162667305712858
139269431,2.6779651819712247
141288680,1.7925993039472168
143249192,2.372455214256682
143249413,2.214874906041055
143249470,3.433063999151343
143249640,2.9845531657229025
143249864,1.4508310428287596
143396594,9.291961944751247
143398250,4.1691278776393705
143416561,3.3277287019501007
143418891,3.6651049125263477
151949699,2.8658726608150644
152335372,2.4238325900274105
155442829,3.53734938811571
155445200,3.997682818760651
155635994,2.4972463264130833
166867866,3.0385420477312186
167256799,2.4160882193562565
167256807,2.7853785038674146
32672122,2.7088877222504704
34119718,4.608617210464718
34124239,2.333383090286965
34126002,2.164154713612579
34127708,3.598035444720897
34129366,4.485077609993508
34129544,2.04057212173524
34130489,7.346628720306461
34130604,3.396791586881183
34131191,3.185738756202418
34131278,3.4683907753819887
34131807,2.112773626986375
37648633,1.7790905154710266
45337711,8.447397363487033
45385910,2.5226300821840026
45722930,2.266938917171863
45728298,2.365136233534684
45730390,3.0323496068522404
47726570,2.538285422266991
69886156,2.1327394329077034
69886228,3.2723990463762083
69886510,2.825050056839213
70332223,2.4940643999208345
70334209,2.0959338761301174
70334219,2.5809666681415613
74924599,2.2469068141754143
75474779,3.0610112286868594
75653667,4.55586798698925
75654673,3.109579086408718
80005045,2.4428107610379075
81002103,2.269683071807511
86274695,2.606968059924887
86274749,3.1123598701947732
86274823,1.9492873140625973
86275133,2.697262961696851
86275195,2.108931875309628
91593827,3.8922830432710134
91594687,4.353325505717408
91594827,5.356855215777213
91594833,1.7997371134293565
91595845,5.4382462422030855
91597877,2.509435146611311
91683191,6.224533855844247
91684663,2.8888554349287845
91684979,2.140742845020286
91685475,4.144320763540883
91687083,4.571076888955565
91687843,3.438425058623882
91688409,2.865090485251837
91688455,2.3615480357306113
91688775,2.3644809624049246
91690129,2.5172758635017973
91690341,4.897892504235427
91691877,2.4239909275512277
91692521,3.3235811406484794
