0E445706-1F3E-47FA-8A83-D38E2C953307,2.909975192657753
105954753,2.5626105239000783
120017988,2.3534310528344093
120018006,7.381902665160064
120018022,5.316595562584341
120018032,1.745734192076415
120018049,2.3195610489633127
120018059,2.6368924994126686
120018071,4.476597401748265
120018074,4.707662611943973
120018081,2.1507960140103854
120018084,2.9391183753365846
120018089,3.122271958534492
120018090,3.097719920916629
120018094,2.3112693270260247
120018097,3.6518642922913256
120018100,2.226728360666798
120018102,2.6167062622327784
120018107,5.134583010675361
120018108,4.99569661419784
120018114,2.059775325838159
120018124,4.430705824797139
120018126,4.02900739154004
120018129,1.9950575906668022
120018132,3.0233049337456706
120018133,2.124758905499963
120018139,2.2714717946646292
120018140,2.110183325352986
120018146,2.2172760485857648
120018211,1.9447960911410853
120018212,5.504497691612658
120018379,2.307573123406662
120018459,1.8832814234799986
120019294,3.060280944389281
120019371,2.625939589057143
120019513,2.3927919100502115
120019636,1.8167272717071252
120019638,2.3867055036387015
120019704,2.317672245869377
120019712,2.0611307771913725
120019749,2.3434967262538917
120019849,4.009730671209219
120019850,4.519541799010844
120019854,2.5143437068526433
120020199,1.8720940974186908
120020204,3.2639418823567405
120020206,1.9935923876267223
120020208,2.762011024549804
120020210,3.749624886929075
120020211,2.04320161372404
120020218,6.157996210930691
120020226,5.265921016368214
120020240,1.8912547614188153
120020242,1.8248855150114267
120020334,1.771725520427123
120020343,1.7439321351972865
120020354,1.8320829053366305
120020367,2.9939944516198738
120020373,2.0771781375208023
120020387,3.1629832506743623
120020800,2.458368567782459
120020805,2.324645777524705
120020844,2.2373220125513376
121622699,1.9695843529145078
121623043,1.7209419427434969
121623126,1.6836285896940417
121839184,1.817126759992403
121860894,2.2590034933503595
126212479,3.5955696377698687
137059882,4.7424148454775334
139268769,2.0141621779668726
139269431,2.086125777951266
141288680,1.8477307395170308
143249192,1.8874939003941633
143249413,2.166302044485648
143249470,2.844780709293234
143249640,2.1566127545977083
143249864,1.7531228224662834
143396594,10.259474324079855
143398250,4.326076452033032
143416561,2.482006997077447
143418891,3.8890330475086308
151949699,1.9205004357074387
152335372,1.92503884724371
155442829,3.6512334767101584
155445200,4.071780191378581
155635994,1.845569593360932
166867866,2.1187255534386247
167256799,2.3758050614044492
167256807,2.4086607309753685
32672122,2.5970163232162107
34119718,4.822918763405347
34124239,2.808461543655965
34126002,2.2685411523721277
34127708,3.3749924540019145
34129366,4.543710322605713
34129544,2.213803889225729
34130489,7.895819838678104
34130604,2.9753055099788246
34131191,2.468545524597512
34131278,3.124958276726427
34131807,2.581996053960295
37648633,1.85609649886597
45337711,7.962183952517329
45385910,2.0799622453931152
45722930,2.4486608834464487
45728298,2.019432357006112
45730390,2.551356709438557
47726570,2.724063331539802
69886156,2.1796496476563205
69886228,2.688567544002729
69886510,2.30351488671936
70332223,2.4940295720813035
70334219,2.653859025728236
74924599,1.928537638438746
75474779,3.4688347254328393
75653667,6.022895627375082
75654673,1.8424891263054572
80005045,2.313606865867371
81002103,1.8065401613143182
86274695,2.2310273916044228
86274749,3.3136821625431527
86274823,1.8860179492244873
86275133,1.9676320381495997
86275195,2.0299977754695755
91593827,3.8164223314364856
91594687,5.390102705605592
91594827,5.400270630486747
91594833,1.876410518236881
91595845,5.737472479104075
91597877,2.3445983378785806
91683191,6.239947107445063
91684663,2.3459678935092336
91684979,2.2404460126941563
91685475,3.682653427681997
91687083,4.548479129907565
91687843,3.1773857387592295
91688409,2.7679684051587747
91688455,2.1908796435934677
91688775,1.7740601480808136
91690129,2.758235828773727
91690341,4.722887166406158
91691877,2.2727214939266758
91692521,1.680582404154876
