0E445706-1F3E-47FA-8A83-D38E2C953307,4.433800452229273
105954753,5.948281326897222
120017988,3.142306089374898
120018006,11.191908448877209
120018022,8.235327069366813
120018032,3.8588796010883364
120018049,3.8751057797540445
120018059,4.904251317506946
120018071,6.960012390215073
120018074,6.4111785103705135
120018081,3.5870691376804964
120018084,6.028383322903264
120018089,7.197141592414449
120018090,8.155040503912884
120018094,4.707843123526847
120018097,6.3312394174365565
120018100,2.569490987834319
120018102,3.336995827761107
120018107,8.269426674582613
120018108,8.997120863946199
120018114,1.8081807998090693
120018124,5.905522710964756
120018126,6.285308614126778
120018129,4.286514549057721
120018132,5.132721658179002
120018133,1.980293100270498
120018139,2.7154647310864926
120018140,2.7985714202940626
120018146,5.030754532304162
120018211,1.8418846006503
120018212,8.332516514492793
120018379,6.774366329767455
120018459,4.588626893411415
120019294,6.136664186111958
120019371,4.825044281864085
120019513,6.646149882547588
120019636,2.846177848819913
120019638,1.7971562653960482
120019704,4.743132425046278
120019712,2.6896203704699344
120019749,3.5247390510846484
120019849,6.318661564905021
120019850,5.379120943021869
120019854,2.8088389040770467
120020199,3.651043297221155
120020204,4.979537969072442
120020206,6.393223387434278
120020208,4.631603451907404
120020210,7.369450541522127
120020211,5.182951368500633
120020218,8.405504358566795
120020226,10.746100779212878
120020240,2.7151043974683127
120020242,3.625796115245093
120020334,2.3092835520817343
120020343,2.694059725795293
120020354,3.5704612012092567
120020367,6.810287267029587
120020373,3.79783924938684
120020387,7.65649404802783
120020800,3.177623348076055
120020805,4.21105601336372
120020844,5.136462761387006
121622699,4.841087758766079
121623043,1.715916249191078
121623126,2.5192142245106597
121839184,5.700642131905786
121860894,4.5573955444206184
126212479,6.874883716057703
137059882,7.85080580946588
139268769,2.300112674458851
139269431,1.6678207437768429
141288680,2.2526035433537053
143249192,1.8088757688901653
143249413,2.790583218613869
143249470,3.4864847488169106
143249640,2.899610057975496
143249864,2.0664438141440837
143396594,13.68157801753829
143398250,10.898323644393791
143416561,5.798329620357127
143418891,4.5060322383034315
151949699,5.295895988780519
155442829,4.091610793206773
155445200,3.6854171910004023
155635994,1.4969660750684353
166867866,1.8451759022390268
167256799,3.841013874327234
167256807,4.0127174181889345
32672122,4.8285454538554085
34119718,11.600425201780432
34124239,7.44807908426177
34126002,6.404589658043317
34127708,5.075598958315078
34129366,9.580609979470404
34129544,3.8420072667798864
34130489,13.03688761546976
34130604,5.092187518618219
34131191,7.219543995891786
34131278,4.481427792352729
34131807,3.4833293013596776
37648633,2.151616600381522
45337711,11.257324407500082
45385910,3.882558116718745
45722930,3.685869696756705
45728298,3.1656638019046683
45730390,2.4314956092135125
47726570,5.066836962671236
69886156,5.9193287555954806
69886228,2.193883446402093
69886510,3.133439127352385
70332223,6.976989335123621
70334209,2.9611377121366083
70334219,7.268423862106949
74924599,2.640476768720521
75474779,6.266901997828915
75653667,6.786780503704172
75654673,6.157778257525189
80005045,1.9285047764703365
81002103,2.2413560026092867
86274695,1.8957362663574935
86274749,9.992782880800508
86274823,4.104225346139301
86275133,4.093203761669367
86275195,1.8515203271746783
91593827,6.484782683820856
91594687,10.303210243741859
91594827,9.730369574867018
91594833,2.4711951028034504
91595845,7.48092198323063
91597877,4.593938050121016
91683191,11.481589615491005
91684663,3.5079811301447252
91684979,2.761309847254721
91685475,6.230578693846114
91687083,12.483094621087234
91687843,9.635663969161463
91688409,6.7790384204044924
91688455,2.80593847498234
91688775,4.665602027959715
91690129,7.808794983999854
91690341,9.124592470653212
91691877,2.87707485375847
91692521,6.069489364407716
