0E445706-1F3E-47FA-8A83-D38E2C953307,6.108895330061349
105954753,8.153114273086585
120017988,4.249893382317674
120018006,5.852993076106348
120018022,4.384601914758045
120018032,6.732926594939004
120018049,2.2205301387830807
120018059,3.161765903647274
120018071,2.1430316708115726
120018074,2.18927547746477
120018081,2.4772831888065405
120018084,1.8678462141964276
120018089,3.6829663268671515
120018090,5.197379592471202
120018094,4.835743160173047
120018097,2.3529728221380233
120018100,3.017070481467551
120018102,3.435511295504005
120018107,3.18965973818633
120018108,4.572627800735904
120018114,4.6273756391180925
120018124,2.15421718286116
120018126,2.4972732692311372
120018129,3.681006213195867
120018132,2.090657940033574
120018133,3.7863189772716477
120018139,4.0494744911599
120018140,3.1393220067929555
120018146,7.677673692871014
120018211,5.340669289608155
120018212,3.7511455369915234
120018379,5.7029921657811276
120018459,3.3287770755429094
120019294,8.36974294025444
120019371,7.428902740417212
120019513,9.254426789225551
120019636,4.701163544064327
120019638,5.296262734140537
120019704,5.3855882654183915
120019712,4.238891906159379
120019749,6.1147312944037875
120019850,2.0107884146584936
120019854,4.777311808877873
120020199,2.6160826396190395
120020204,2.114233494210963
120020206,8.231915661256876
120020208,4.032932882469928
120020210,3.5993430339653623
120020211,3.3864325533715873
120020218,3.1638833658542604
120020226,5.403323730249413
120020240,3.8335599968101786
120020242,3.412306011504298
120020334,4.223683113269875
120020343,4.478616278621012
120020354,5.908717287971922
120020367,3.934722138727566
120020373,3.537100795156032
120020387,3.1149264954333393
120020800,3.698672506763597
120020805,2.3348805885288346
120020844,4.689738735047289
121622699,6.217736583232961
121623043,4.893344890897744
121623126,3.600652111546807
121839184,7.567922460752192
121860894,2.971415214293928
126212479,4.476544084025284
137059882,4.108346101479823
139268769,3.5861350958605698
139269431,3.8264576657458607
141288680,2.831694686570888
143249192,3.5203413981430915
143249413,2.901236800863611
143249470,6.6472879449755125
143249640,6.290252727408644
143249864,3.670067406507292
143396594,7.958310103350126
143398250,5.762476993771336
143416561,8.376327406995774
143418891,6.5378542320813855
151949699,5.596586913572395
152335372,4.317643785893545
155442829,3.708354268734078
155445200,5.149631043076248
155635994,3.7035713190702286
166867866,4.975217934610462
167256799,4.142008978668284
167256807,3.530139181692586
32672122,3.0395739216763635
34119718,6.115626308078249
34124239,4.913309311209897
34126002,3.279140020499924
34127708,2.3280853245651043
34129366,4.954678143481742
34129544,2.4414811285659694
34130489,7.143003769700881
34130604,1.99808944754564
34131191,5.824581286658999
34131278,2.2496162499886165
34131807,3.363274957322566
37648633,3.628150693321836
45337711,5.807098336956668
45385910,5.5797197645507275
45722930,2.452601835115598
45728298,3.0371755140422745
45730390,5.158511625533297
47726570,2.093523046289358
69886156,3.177675825781338
69886228,4.251100840101224
69886510,4.61321691789134
70332223,5.299312480985681
70334209,5.082654137367252
70334219,4.956407138533364
74924599,3.2244039140037892
75474779,3.4733432296733566
75653667,2.421737269756857
75654673,8.794020073054678
80005045,4.14844922296269
81002103,3.2297749379686644
86274695,3.883187425551958
86274749,6.303943481634209
86274823,3.5036199680299953
86275133,5.5612175612369485
86275195,3.659618121240793
91593827,3.7767885229587908
91594687,5.104285071348831
91594827,4.80929470886957
91594833,3.381919779704961
91595845,2.653447594051886
91597877,2.6452840589669466
91683191,5.7106281876859555
91684663,3.817807810312791
91684979,3.3065973754961044
91685475,2.3031698573317603
91687083,6.9384650998365425
91687843,4.942944737850653
91688409,2.8705671836939763
91688455,3.2993160781398227
91688775,4.539604119752412
91690129,5.120070303342375
91690341,5.287610595124418
91691877,3.244256342516621
91692521,7.955037876222912
