0E445706-1F3E-47FA-8A83-D38E2C953307,3.3031097115258063
105954753,2.9559188258481335
120017988,2.8042919720649406
120018006,6.243641400681703
120018022,3.9030039536221524
120018032,2.7212831586940736
120018049,2.1189324762244657
120018071,4.290904601128088
120018074,4.099314331717634
120018081,2.0478077041505345
120018084,3.3963640415366414
120018089,3.1567537625705
120018090,2.294023077067243
120018094,2.1649382666473183
120018097,3.44594084026282
120018100,2.1220070904214388
120018102,2.8540786599214725
120018107,5.570780656247115
120018108,4.752672233374482
120018114,2.3100053541751957
120018124,2.7205961259812375
120018126,3.9712994144920635
120018129,2.311957644989185
120018132,3.01008693672071
120018133,2.171394484564654
120018139,2.1792113998832856
120018140,1.9415999912154982
120018146,3.1648584243938487
120018211,2.291965029264621
120018212,5.748336115345189
120018379,2.907659175135088
120018459,2.3879946705240385
120019294,3.434958316508057
120019371,3.03075810879344
120019513,3.280561020801958
120019636,2.498958142541508
120019638,2.8698142375358797
120019704,3.1292409362199742
120019712,2.0532427547745633
120019749,2.8570981544287775
120019849,3.45551088113549
120019850,3.7603257613746934
120019854,3.023932626526401
120020199,2.0227499412700203
120020204,2.895993618260575
120020206,3.0123042578929713
120020208,2.514994240481315
120020210,3.977428414891934
120020211,2.0223956696356784
120020218,5.306678854422025
120020226,5.1578455842023185
120020240,2.348956254107061
120020242,1.9781041029778654
120020334,1.9386630406139083
120020343,2.510910267419654
120020354,2.813491742506928
120020367,3.2602183715201067
120020373,2.6132108401549043
120020387,3.4367713449474295
120020800,2.969242347924662
120020805,2.273798682490978
120020844,2.8881358662037395
121622699,3.064126321667238
121623043,2.550255287997008
121623126,2.1566970487390376
121839184,3.3791163675724247
121860894,2.6911832624187517
126212479,3.4337198173674093
137059882,3.926293697174839
139268769,2.041398497486585
139269431,2.9052983002167756
141288680,2.491128873624336
143249192,2.433116615195607
143249413,2.238436596240908
143249470,3.339184851324704
143249640,3.1518988311464984
143249864,2.294863177170821
143396594,9.32899340353891
143398250,4.45781169339308
143416561,3.0834159282308122
143418891,3.5532561038003196
151949699,3.2602505332991627
152335372,2.52228232541028
155442829,3.4141171545254347
155445200,3.7440880370024274
155635994,2.4964064708132785
166867866,2.8612138257920976
167256799,2.353959699437704
167256807,2.9559444270438076
32672122,2.6610402982814607
34119718,4.495412450111186
34124239,2.5945165899639986
34126002,2.348149088642178
34127708,3.2436092138938446
34129366,4.372508745064638
34129544,1.9285748329611445
34130489,7.6422250814574335
34130604,2.5468655964229114
34131191,3.752074933376438
34131278,3.122067892568582
34131807,2.0884956837251796
37648633,2.0450111914181575
45337711,8.134952633834459
45385910,2.9941695962379353
45722930,2.124195846614949
45728298,2.524280838605535
45730390,3.148354260923467
47726570,2.640840525669963
69886156,2.493813966025833
69886228,3.1528029586375284
69886510,2.940961586807915
70332223,3.3777491846304444
70334209,2.7837572257150884
70334219,2.735691350532355
74924599,3.186033850233445
75474779,2.6877498535122535
75653667,4.658716094894809
75654673,3.311885792827952
80005045,2.374611244963474
81002103,2.22511942143841
86274695,2.4767004325457918
86274749,3.1926282150818466
86274823,2.0663248842239126
86275133,2.9953777620231787
86275195,2.237230256418753
91593827,3.553397395026993
91594687,4.607661643873475
91594827,5.097017071546903
91594833,1.9233220513376388
91595845,4.798401503534445
91597877,2.3539320867226565
91683191,6.088604225096457
91684663,2.862746061420624
91684979,2.358824049765718
91685475,4.673860573259487
91687083,4.65638252760468
91687843,3.1701566111292854
91688409,3.506082117841985
91688455,2.525010783148395
91688775,2.7449935983377904
91690129,2.7716894350358445
91690341,4.409522762212168
91691877,2.4956334812435097
91692521,3.2606080966767363
