0E445706-1F3E-47FA-8A83-D38E2C953307,3.139720859078235
105954753,2.460900526962573
120017988,1.666755385738214
120018006,4.107429186264613
120018022,4.577693817657699
120018032,1.4956998022811094
120018049,1.938486505348694
120018059,2.0117445408613506
120018071,2.8254823479767297
120018074,2.9415115325992343
120018081,2.1738351180464637
120018084,2.480085003333823
120018089,3.0955552592847044
120018090,1.925963028521052
120018094,1.5129285895964857
120018097,2.955237199458316
120018100,2.019566594851095
120018102,2.7223736910907284
120018107,3.865916030219636
120018108,3.2867579846544346
120018114,2.172179494933311
120018124,2.6544027934425394
120018126,3.192843517693767
120018129,1.4466696811908808
120018132,2.64394529673915
120018133,1.9471329901535872
120018139,2.027815331509835
120018140,1.9900281851268606
120018146,1.646854524024947
120018211,1.8602092158064878
120018212,4.643752823678469
120018379,1.2182695186027177
120018459,2.221547592061106
120019294,2.7057467474503163
120019371,2.5593845513159565
120019513,2.353760456535393
120019636,1.618954492646417
120019638,2.2502861589960914
120019704,1.293006609252773
120019712,1.7986425510103228
120019749,1.7798870740976638
120019849,3.011578266725527
120019850,2.971758712350118
120019854,2.198762535658614
120020199,1.9131598723789112
120020204,2.739631074890163
120020206,1.5644305748027945
120020208,1.961899184933704
120020210,2.7024542903217528
120020211,1.7378310334692308
120020218,3.5405100434984527
120020226,3.595551894340607
120020240,1.5737365122325306
120020242,1.7710012474339587
120020334,1.7016187741855717
120020343,1.3501320636294785
120020354,1.503084336318269
120020367,2.7768699425479877
120020373,1.9800639574734022
120020387,2.401209461008971
120020800,1.9122313210057909
120020805,1.815997545550114
120020844,1.3546792984484795
121622699,1.7860924267556246
121623043,1.5707376189079616
121623126,1.697765280440965
121839184,1.3768761873604314
121860894,2.3614207960783613
126212479,2.1860286431281875
137059882,2.560161840659255
139268769,1.4595387427757365
139269431,2.1759025709407394
141288680,2.012011097970487
143249192,2.151025259306325
143249413,2.2303658561819857
143249470,2.9697390338517424
143249640,2.491289054998386
143249864,1.692885905319954
143396594,6.441296733108378
143398250,2.303609281816142
143416561,2.3102608701694254
143418891,2.8759877144612243
151949699,1.5439205824414026
152335372,2.182426454413753
155442829,2.496243396255546
155445200,3.8426764272448053
155635994,2.3592064734679568
166867866,2.703152390692027
167256799,1.9183272584549664
167256807,2.2106021967186074
32672122,2.011630747285128
34119718,2.494674150530314
34124239,1.3807994286497862
34126002,1.9299644588677303
34127708,2.317770702214982
34129366,3.458802993838635
34129544,2.1500571288134482
34130489,5.548183799635172
34130604,2.1288831667084525
34131191,1.6881492572132186
34131278,2.882118094216701
34131807,1.8049378730161494
37648633,1.463108164516594
45337711,6.444994934383774
45722930,2.196583039868237
45728298,1.9139320176514634
45730390,2.3344132329110208
47726570,2.528894491413292
69886156,2.077598727884462
69886228,2.9463173785249945
69886510,2.7818321643352615
70332223,2.0479037463737453
70334209,1.7844182132051398
70334219,2.12723615071314
74924599,2.487445441020219
75474779,2.1360598660993566
75653667,5.198186407142267
75654673,1.6732140218482383
80005045,2.2274355412576443
81002103,1.654545062759705
86274695,1.64470068881858
86274749,1.7036709403385875
86274823,1.7269798209807574
86275133,1.3697874704590736
86275195,1.7317059430298916
91593827,2.958460742809201
91594687,3.0350558045337825
91594827,4.061493870784606
91594833,1.875210203289492
91595845,3.614723755195056
91597877,2.607615663500654
91683191,3.77740794151167
91684663,2.5783938101879245
91684979,2.252754831614127
91685475,3.5012902229686538
91687083,2.3533025426206557
91687843,1.8918926065755843
91688409,2.2795905349674324
91688455,2.1615347939279346
91688775,1.3910586766965478
91690129,1.8142578430793548
91690341,2.9919106572977516
91691877,2.1973496714774403
91692521,2.3456819232197526
