0E445706-1F3E-47FA-8A83-D38E2C953307,3.0755205190427324
105954753,2.625594030991404
120017988,1.8966331277728423
120018006,1.9543037620462524
120018022,1.6290903640428265
120018032,1.9994821375596827
120018049,2.138010818637883
120018059,1.9149242616827546
120018071,1.6211530038981747
120018074,1.8101080698776888
120018081,1.9756900232944226
120018084,1.9177011507483472
120018089,1.8549553452211605
120018090,1.6788498558803588
120018094,1.65507553963624
120018097,1.6836008058472745
120018100,2.54320217467009
120018102,1.775809996445302
120018107,1.6975524549444292
120018108,1.8605221635645806
120018114,2.5117678756909965
120018124,1.9779630626420246
120018126,1.8833559862497244
120018129,1.8524793072869588
120018132,2.0610493266148255
120018133,2.216025812208854
120018139,1.8462995574326881
120018140,2.148579302193359
120018146,2.102625290189894
120018211,2.322479759323698
120018212,1.8251041147858176
120018379,1.9540450283212094
120018459,1.9852055659699877
120019294,3.5408436410241175
120019371,2.9617918658770805
120019513,3.006872048246647
120019636,2.126995672011202
120019638,2.5944060221357277
120019704,2.2142352359119912
120019712,2.0058667358453093
120019749,2.095951511249718
120019849,2.178374719780771
120019850,2.087289803196948
120019854,3.164770594161072
120020199,1.8860706032795493
120020204,2.067201660202865
120020206,2.330509523086054
120020208,1.625086277160315
120020210,1.6150588811986153
120020211,1.9402770113427514
120020218,1.5793876692437947
120020240,2.12631639637621
120020242,1.8837925349277898
120020334,1.8191573311295595
120020343,1.8969964054139083
120020354,2.00249141299969
120020367,1.684713894663676
120020373,2.2279084084906504
120020387,2.096729315056503
120020800,2.330292178368186
120020805,2.0028039522361283
120020844,1.6769975555629406
121622699,1.9782154433666317
121623043,1.9988150728688336
121623126,2.0097772591424152
121839184,2.0849920295660245
121860894,2.047576585430916
126212479,2.497182771000824
137059882,1.7119576719845089
139268769,1.8058710957130684
139269431,2.4560502417175316
141288680,2.006013436718429
143249192,2.171486465026543
143249413,2.201861865274086
143249470,3.1061009010132676
143249640,2.4255068589367657
143249864,1.79159085415451
143396594,2.5484461833533256
143398250,2.75879996321826
143416561,3.0608103731625467
143418891,3.5141162192995536
151949699,1.806605647407382
152335372,2.071298336168964
155442829,2.962621532096324
155445200,3.390129223074485
155635994,2.2494118521388136
166867866,2.3690615996083424
167256799,1.8760563668971306
167256807,1.923324547935637
32672122,1.9194089262143368
34119718,1.651605011596146
34124239,1.787224519853321
34126002,2.1001606117970404
34127708,1.8053630729549586
34129366,1.8834670578574997
34129544,2.25104016052519
34130489,2.2972007689150744
34130604,1.9870419063999518
34131191,1.7098679237670935
34131278,2.026473848006444
34131807,2.107406696038857
37648633,1.814208731213312
45337711,1.5477117674872918
45385910,1.971617784264871
45722930,2.147574206533924
45728298,1.9060528412460809
45730390,2.640879052740892
47726570,2.2465566726254917
69886156,1.8855807036024088
69886228,2.818436410518326
69886510,2.44244830652076
70332223,2.2934761421411527
70334209,1.8537961733353905
70334219,2.053962346021977
74924599,2.859117514278311
75474779,1.9813989932961917
75653667,1.9377228737430037
75654673,2.0756619408766497
80005045,2.469476898651699
81002103,2.039477813140664
86274695,2.301749926714976
86274749,1.8553541106086757
86274823,1.9396370998621355
86275133,1.863562644832116
86275195,2.063670146837002
91593827,1.7240500754735346
91594687,1.6809748173221746
91594827,1.5233543146060784
91594833,2.030094802796134
91595845,1.964202299159584
91597877,1.9304116709760535
91683191,1.7190906504225845
91684663,2.087787226732567
91684979,1.9368233560404577
91685475,1.7895072913904333
91687083,1.6385260151880703
91687843,1.6883514469781384
91688409,1.8394397614498574
91688455,2.210919435484495
91688775,2.0113665435560706
91690129,1.904706586686119
91690341,1.8997956547016552
91691877,2.213510512065065
91692521,2.016671815287407
