0E445706-1F3E-47FA-8A83-D38E2C953307,3.5134625791463856
105954753,3.811519080461709
120017988,2.888202378594404
120018006,8.249537678286849
120018022,5.478666804954266
120018032,2.999375528657581
120018049,3.3700168242451385
120018059,3.403460967435793
120018071,5.898197176366597
120018074,5.745843916556168
120018081,3.572553678839453
120018084,5.072041708371293
120018089,4.846381143424821
120018090,4.193363739291038
120018094,2.9249559982737847
120018097,4.8479445164452155
120018100,2.4639006797657927
120018102,3.6716438185286537
120018107,6.845070707745285
120018108,6.451501949251817
120018114,2.1459845612422557
120018124,4.243927118044231
120018126,4.913862371695844
120018129,2.401611708742026
120018132,4.396673985060945
120018133,2.386015082346463
120018139,3.3266018125832457
120018140,2.7966295570238517
120018146,4.197281081877408
120018211,2.1420739536369857
120018212,6.549836938072683
120018379,3.341747168428281
120018459,2.783738041384783
120019294,4.453485013606053
120019371,3.6400979403271037
120019513,4.479058443052596
120019636,2.217253850549357
120019638,2.2537486611635154
120019704,3.633905197230614
120019712,2.7260942167706452
120019749,3.2358907922039233
120019849,4.771098342775517
120019850,4.935818937698177
120019854,3.120086521682741
120020199,3.3937136263052885
120020204,4.121179172689379
120020206,3.857063989139097
120020208,3.2289445361853373
120020210,5.378564930575215
120020211,2.8643420775394346
120020218,6.704100001626205
120020226,7.929613040928765
120020242,2.2432839176912474
120020334,2.4633980278963965
120020343,2.3755078920928434
120020354,3.0094214556533077
120020367,4.307207519603249
120020373,2.361502800835461
120020387,5.7972684388182785
120020800,2.7143535049130514
120020805,3.3163035000612164
120020844,3.2093648347420873
121622699,3.6712938745143564
121623043,2.1109870717243537
121623126,2.7759058307170674
121839184,4.40540489952984
121860894,3.409993090471712
126212479,4.735503917180141
137059882,5.534872546030491
139268769,2.5131436050827456
139269431,1.936604614217461
141288680,2.9520901474638834
143249192,2.2553888448355326
143249413,2.311125063243776
143249470,3.516357715028362
143249640,2.7610377110815283
143249864,2.3196766686119354
143396594,10.897718596832172
143398250,7.453901314124291
143416561,4.281935893491932
143418891,4.126963567723803
151949699,3.290974562467271
152335372,2.0170898169875517
155442829,2.8876227104566383
155445200,3.8356295103753073
155635994,2.171800804237417
166867866,2.572543911405918
167256799,2.938427268616697
167256807,3.8341658273408545
32672122,3.6578640242358613
34119718,7.805111996017211
34124239,4.343352666267727
34126002,3.8695446857365408
34127708,4.563821688725857
34129366,6.2166406202781825
34129544,3.110860535280605
34130489,9.796928342113402
34130604,4.015194740406566
34131191,4.263424291313335
34131278,4.234985814694971
34131807,2.6645564797471595
37648633,2.490026081156105
45337711,8.243378453987194
45385910,3.520045197840063
45722930,2.8823309446451453
45728298,2.785019868667049
45730390,2.968770283065171
47726570,4.1550571584346585
69886156,3.836909245300453
69886228,2.551381048774961
69886510,2.4716353966899853
70332223,3.669779500771494
70334209,2.694219621992809
70334219,4.246729090081063
74924599,3.142534177708023
75474779,3.94670181401865
75653667,5.469536083012754
75654673,4.487181029974982
80005045,2.6081822601585474
81002103,2.3582016361438565
86274695,2.1680764791019227
86274749,6.132732074734908
86274823,2.3714799587913613
86275133,3.603732116949656
86275195,2.4365170840337522
91593827,4.6418041300318205
91594687,7.418125215828169
91594827,6.607557013202884
91594833,2.8262382230975
91595845,6.14743775387645
91597877,3.609651141979668
91683191,8.605894246414204
91684663,3.399238145250767
91684979,3.02313921371726
91685475,5.709658356595494
91687083,7.9892003921196775
91687843,6.051695978557653
91688409,5.022875113677007
91688455,2.464591140253897
91688775,2.8231039856681166
91690129,4.217556987633997
91690341,5.551568103343049
91691877,2.481865496814124
91692521,4.280915234333265
