0E445706-1F3E-47FA-8A83-D38E2C953307,3.9438654936345596
105954753,5.713834684217989
120017988,3.550407310746794
120018006,9.573608567371865
120018022,6.737682905452679
120018032,4.348132381527818
120018049,2.627747683448394
120018059,4.057149483464691
120018071,4.979700407411084
120018074,4.823874183955486
120018081,2.583217769053331
120018084,4.334228067656434
120018089,5.882741917842104
120018090,7.584877497321474
120018094,5.283117502353517
120018097,4.709819815216727
120018100,1.7451088647806667
120018102,2.4191796010660975
120018107,6.48864630105974
120018108,7.787581460603972
120018114,2.1238123218516036
120018124,3.5979571232937904
120018126,4.651544381053769
120018129,4.268135832778206
120018132,3.1556661288452217
120018139,2.131285461755149
120018140,1.8234294188801783
120018146,5.321310127886204
120018211,2.4484465590037536
120018212,6.692844989322511
120018379,6.654346946859461
120018459,4.015588997852004
120019294,6.070090805232332
120019371,5.08960022877896
120019513,6.612880091090825
120019636,2.818981031734403
120019638,2.67155459877842
120019704,5.049626115480474
120019712,2.2861403983241266
120019749,4.153361379909981
120019849,3.9276168879182545
120019850,4.0028853484081255
120019854,3.058290875148213
120020199,2.231127762674875
120020204,3.152164039762485
120020206,5.822292583929042
120020208,4.5042189569538555
120020210,6.305820415728082
120020211,4.545974290495222
120020218,6.479655670872325
120020226,9.120687805757022
120020240,2.6495070678159753
120020242,3.163738930595617
120020334,2.3202495213925047
120020343,3.0692291312939934
120020354,3.571112238309091
120020367,6.054142206410126
120020373,3.538436685916488
120020387,5.955465608768102
120020800,3.8358767513208387
120020805,2.731535432060877
120020844,5.438932325283887
121622699,3.620095445359788
121623043,2.2495970068134192
121623126,2.3678305831786357
121839184,5.372316319064729
121860894,3.7244134923579497
126212479,6.5143308927319845
137059882,7.0390820581000355
139268769,2.3718102773074494
139269431,2.0977665183192937
141288680,2.2177846680408524
143249192,1.7234463311828232
143249413,1.9737911458253392
143249470,4.249046720301756
143249640,3.7042755329861827
143249864,1.7890939119302285
143396594,11.816050203162161
143398250,9.233453393514923
143416561,5.815648184241077
143418891,4.459628531243496
151949699,5.711467770454699
152335372,1.7608132824288054
155442829,4.14899069047707
155445200,3.577973352230506
155635994,1.7276779332188377
166867866,2.4245670967425212
167256799,2.8230612611853987
167256807,3.4774315319183833
32672122,4.067485478398723
34119718,9.675740226380004
34124239,7.157350701607635
34126002,5.393499088133152
34127708,3.308315972692208
34129366,8.040602170201305
34129544,2.6122706019198056
34130489,11.186283268031051
34130604,3.300323993752894
34131191,7.265494160985965
34131278,2.936681675918714
34131807,3.32642822616421
37648633,1.910099694822277
45337711,9.315301272356125
45385910,3.966466310500672
45722930,2.4756053670757243
45728298,2.791516414963563
45730390,3.091623296583877
47726570,3.322517782795953
69886156,5.1204766137663595
69886228,2.5279436711020495
69886510,3.0180723863278334
70332223,6.886224105662358
70334209,3.93561398738442
70334219,6.684540723359856
74924599,2.5817202427746766
75474779,5.533723488924444
75653667,4.8204949687088074
75654673,6.276400765985617
80005045,1.8512065528080943
81002103,1.7945434108211384
86274695,1.972367309284436
86274749,9.076704527524134
86274823,3.962765525126721
86275133,4.184111268641772
86275195,1.8776203846018744
91593827,5.817192489057169
91594687,8.552931396608502
91594827,8.088311813497588
91594833,1.4634789667856771
91595845,5.518767412787382
91597877,3.75364119412306
91683191,9.55369845930732
91684663,3.028723117090717
91684979,1.9919335836225955
91685475,4.524117243827109
91687083,10.664900110132171
91687843,8.070523148366258
91688409,5.567968542608008
91688455,2.0555346209211223
91688775,5.042361012587625
91690129,7.37338019604816
91690341,8.150109392963605
91691877,2.2825128717382506
91692521,5.716793729058101
