0E445706-1F3E-47FA-8A83-D38E2C953307,4.390468532074502
105954753,6.780898809792484
120017988,3.691856459787514
120018006,8.611021681603416
120018022,6.43191608280809
120018032,4.869764627878324
120018049,1.8653056010056595
120018059,3.473208489031952
120018071,4.0825464213491935
120018074,3.9407630141788834
120018081,2.3612188467199324
120018084,3.4432218093567406
120018089,5.531465460649362
120018090,7.0545178651437475
120018094,5.407191252646926
120018097,3.986842585996731
120018102,2.5104265264515564
120018107,5.6948780543728414
120018108,7.010909311877791
120018114,2.5044710646309523
120018124,2.9020207526504938
120018126,4.168217091717089
120018129,3.9994477780311746
120018132,2.5160635084757996
120018133,1.6340531903053372
120018139,2.5602089795360206
120018140,1.8431549912843412
120018146,6.0016385665215966
120018211,3.2000770716535363
120018212,6.013237733445161
120018379,6.588974281054829
120018459,3.7318283928758444
120019294,6.86443512541103
120019371,5.83690015969206
120019513,7.716521048778755
120019636,3.188271035773586
120019638,3.0717664821319683
120019704,4.955827700043411
120019712,2.615020178942969
120019749,4.658349477062304
120019849,3.193233385532474
120019850,3.4760203103597713
120019854,3.2461388566198366
120020199,1.7057118438144927
120020204,2.5784991955950827
120020206,6.532978284459158
120020208,4.300143108821225
120020210,5.707193564848825
120020211,4.109953486416677
120020218,5.578241302279027
120020226,8.163360458930773
120020240,2.4663529403383784
120020242,3.1874416826927834
120020334,2.7905150670773065
120020343,3.4460090228156917
120020354,4.204067939469428
120020367,5.6155844039593195
120020373,3.1598442649529725
120020387,5.076079313902305
120020800,3.569161901375497
120020805,2.2965779688087316
120020844,5.019903146813084
121622699,4.164616681967752
121623043,2.906711119199619
121623126,2.531664620605358
121839184,5.951887396379973
121860894,3.275345395885731
126212479,5.960137613135282
137059882,6.29545953875877
139268769,2.4663549714527857
139269431,1.7391008527810234
141288680,1.5556148162215693
143249192,1.4332335421014661
143249413,1.51311351889858
143249470,4.581487420112191
143249640,4.262465419670612
143249864,2.1115236438837863
143396594,10.873674435265126
143398250,8.367676188175617
143416561,6.758052981679889
143418891,4.894937622538256
151949699,5.609404025524247
152335372,2.1351470590030486
155442829,3.7579825198828893
155445200,3.6385034528843057
155635994,1.6615505788691505
166867866,2.795675364575718
167256799,2.875359668076954
167256807,3.0278968322377358
32672122,3.834334975846183
34119718,8.713606116533763
34124239,6.532614193245332
34126002,4.762025327801318
34127708,2.7231756191470318
34129366,7.4571119466693725
34129544,1.781091350597907
34130489,10.129568326856969
34130604,2.5670474210498635
34131191,6.945124503079806
34131278,2.3817960329061085
34131807,3.1463540892420854
37648633,2.329769977568229
45337711,8.51572747211009
45385910,4.360393467221699
45722930,1.6866521873311948
45728298,2.0972040000525105
45730390,3.589113335114688
47726570,2.4281835212302965
69886156,4.569497028938458
69886228,2.3205050638293696
69886510,3.0266627829392188
70332223,6.425824427655031
70334209,4.352175294667863
70334219,6.105660623296717
74924599,2.4243500787996743
75474779,4.884932950839011
75653667,3.9542539272920627
75654673,6.964188443553025
80005045,2.2053744581552173
81002103,1.6395423743635953
86274695,1.7713648302693463
86274749,8.487170251636433
86274823,3.6745551068252693
86275133,4.364144281078761
86275195,2.0175906757265394
91593827,5.446371202529405
91594687,7.621246941468369
91594827,7.30624454411079
91594833,1.5794490659691767
91595845,4.569026621961302
91597877,3.4162825841290125
91683191,8.59575053329056
91684663,3.2775987912606968
91684979,1.942364154101972
91685475,3.7014595673824915
91687083,9.63708503276263
91687843,7.299700626027983
91688409,4.744854082729528
91688455,1.4924193676545217
91688775,4.726576555425433
91690129,6.830017605100992
91690341,7.606444338726606
91691877,1.694698474841653
91692521,6.527783207021196
