0E445706-1F3E-47FA-8A83-D38E2C953307,3.9524808793410737
105954753,3.7191391394312854
120017988,3.6938671192961676
120018006,6.364495002848827
120018022,5.118561965050478
120018032,3.4026584284975794
120018049,3.539641746438177
120018059,3.4447949316898687
120018071,4.779636003906852
120018074,4.883532924382891
120018081,3.5249560720458297
120018084,3.782687499477601
120018089,4.142278404402158
120018090,3.639421612951955
120018094,3.3496998846653288
120018097,4.373314172264124
120018100,3.471788519219424
120018102,3.828088312407031
120018107,5.561821116603389
120018108,4.954094972365527
120018114,3.6678864599165673
120018124,3.80493947846418
120018126,4.306888449176761
120018129,3.481117890377601
120018132,4.015317548210462
120018133,3.5243921329786803
120018139,3.7057042353955536
120018140,3.39186096720476
120018146,3.621262908051903
120018211,3.4704408337817907
120018212,5.965195823044656
120018379,3.4866522490953393
120018459,3.638720393894624
120019294,4.040601436611192
120019371,3.72562212317709
120019513,3.845388929035812
120019636,3.4700210717292954
120019638,3.665232304837927
120019704,3.5332659477028865
120019712,3.4204555663158565
120019749,3.32935278903179
120019849,4.271572262891323
120019850,4.4401551879714365
120019854,3.6341673433431225
120020199,3.402996468303209
120020204,3.9550487930589826
120020206,3.482213900382228
120020208,3.6590847497928247
120020210,4.667619822297484
120020211,3.4020642603064144
120020218,5.7063704940238535
120020226,5.425118507818408
120020240,3.3824924299154
120020242,3.2989349747033825
120020334,3.428493220001194
120020343,3.388892324160883
120020354,3.3904133559653182
120020367,4.00952211398041
120020373,3.524042230871543
120020387,4.352233550483374
120020800,3.8541375566428413
120020805,3.5035840719455873
120020844,3.5637371567523966
121622699,3.627897480456677
121623043,3.449979792246159
121623126,3.315757678061645
121839184,3.710761103516175
121860894,3.5606856840987766
126212479,4.0494974402781505
137059882,4.535978932217767
139268769,3.3705789367278425
139269431,3.697027446193787
141288680,3.4564936028577136
143249192,3.558330524951774
143249413,3.595340665049313
143249470,3.900536779715776
143249640,3.708815736659574
143249864,3.5790310801422582
143396594,9.23058476921857
143398250,4.360039589551351
143416561,3.790435862657593
143418891,4.1860735417107735
151949699,3.6478480787924283
152335372,3.5433116423663735
155442829,4.28830134402585
155445200,4.545847585101134
155635994,3.5439751988966592
166867866,3.6814541744985805
167256799,3.6999065939028344
167256807,3.8309498492291327
32672122,3.6907122936518952
34119718,4.281849829797338
34124239,3.3529687126539365
34126002,3.5180412975381175
34127708,4.278757418664455
34129366,4.988793462882643
34129544,3.449481903056411
34130489,7.523873698521581
34130604,3.8241044201424206
34131278,3.97357672487379
34131807,3.449672301465227
37648633,3.407639746531222
45337711,8.195251530375218
45385910,3.47888882834863
45722930,3.4847850825988083
45728298,3.403088045225835
45730390,3.478886360676814
47726570,3.8988605073467126
69886156,3.678029421594115
69886228,3.9376546863612267
69886510,3.8324064491336465
70332223,4.035965851291284
70334209,3.632560925265855
70334219,3.8006159632504315
74924599,3.570117965213778
75474779,3.7914811908750274
75653667,5.366919046759971
75654673,3.6205120172567224
80005045,3.6564750112122613
81002103,3.4418389269430434
86274695,3.440971101470786
86274749,3.6540289330333
86274823,3.451679233104561
86275133,3.4820135869409867
86275195,3.424072406584147
91593827,4.4457885841122975
91594687,4.792031370684162
91594827,5.447674426263651
91594833,3.429560884387181
91595845,4.960375673208596
91597877,3.6589052162228444
91683191,6.172220836950926
91684663,3.5798085434112448
91684979,3.7540263111326873
91685475,5.07878540670657
91687083,4.667393089883776
91687843,3.867233756222723
91688409,3.988242630083704
91688455,3.5574262978770324
91688775,3.3802823151640142
91690129,3.524175621267968
91690341,4.841671138295162
91691877,3.6103030619232404
91692521,3.6558352374262095
