0E445706-1F3E-47FA-8A83-D38E2C953307,4.09803506214189
105954753,4.158536385627829
120017988,2.9475027342784377
120018006,8.077935234965237
120018022,4.767267888571127
120018032,3.573663604343772
120018049,2.437725631892993
120018059,2.2553672576621295
120018071,5.377665285792516
120018074,5.224877301194871
120018081,2.164803546150807
120018084,4.0728019593847415
120018089,3.910044206764316
120018090,3.2355692543777352
120018094,2.3197866185353084
120018097,4.228962106408516
120018100,1.5751211877962694
120018102,2.749319827266593
120018107,6.39167590552663
120018108,5.787842727230447
120018114,2.3015189694249854
120018124,3.1729211157514285
120018126,4.160199981445109
120018129,1.8509354051140758
120018132,3.3830432510899815
120018133,1.3712728695029175
120018139,2.051084993951186
120018146,4.474193957643289
120018211,1.9869400369212384
120018212,6.086552168788312
120018379,3.6263382883871813
120018459,2.3980562923262783
120019294,4.71456070356508
120019371,4.0321805870036975
120019513,4.673596614143702
120019636,2.645786609988166
120019638,2.9378640329057015
120019704,4.1943575096289685
120019712,1.8891081459489807
120019749,3.840957521356368
120019849,4.307519285529179
120019850,4.188312693458198
120019854,2.8137270920356854
120020199,2.039897445310304
120020204,3.390012447290335
120020206,4.456814910031412
120020208,2.9484381185307056
120020210,4.743118569794324
120020211,2.2088307130374365
120020218,6.2449336696888205
120020226,7.659348192201697
120020240,1.9529459721840923
120020242,1.661350227369188
120020334,1.8531239280591925
120020343,2.3428981857767823
120020354,3.550269420058585
120020367,3.68356072727914
120020373,2.153111320758738
120020387,5.475083357609042
120020800,2.948451339918982
120020805,2.4971216502355853
120020844,3.28502194876437
121622699,3.652928748275005
121623043,2.2192811366728926
121623126,2.0884062670594887
121839184,4.85826389423047
121860894,2.7249506993608725
126212479,4.21569349134661
137059882,5.165401320517569
139268769,1.9352552988617933
139269431,2.579314689083556
141288680,2.152809768557142
143249192,1.90938504067213
143249413,1.771472880907815
143249470,4.1046501290289
143249640,3.5016058177022353
143249864,1.9541663670469678
143396594,11.154797873885158
143398250,7.072346196223898
143416561,4.3728205978677055
143418891,4.337073585884905
151949699,4.055047282868113
152335372,2.105536685188332
155442829,3.309799430164796
155445200,4.181069641311007
155635994,2.069628197661744
166867866,2.7694971266066877
167256799,2.520563813701738
167256807,3.475995553630919
32672122,2.9979728094139446
34119718,7.395320223783713
34124239,3.6805042764363294
34126002,3.2657050040563123
34127708,3.8358667999257814
34129366,5.474696959117841
34129544,2.0012870370935785
34130489,9.881709276271595
34130604,3.3449732917150787
34131191,4.746613920676107
34131278,3.286882362892093
34131807,1.8850200062407692
37648633,1.5895248464471219
45337711,8.657740972751615
45385910,3.8992972581575542
45722930,2.0795093984780055
45728298,2.479959167441059
45730390,2.766633239588749
47726570,3.31238208189118
69886156,2.999311785283784
69886228,3.2058859883303605
69886510,3.473145695104083
70332223,3.888101880258578
70334209,2.931908149226689
70334219,3.436958342674663
74924599,2.8271986519109507
75474779,3.007451696449117
75653667,5.281850585271874
75654673,4.861730477222069
80005045,1.8377188386865206
81002103,1.8514010026775876
86274695,2.1908642724291845
86274749,5.484243637501969
86274823,1.9088224504421505
86275133,4.110942149538896
86275195,1.9352220317616318
91593827,3.924209752915883
91594687,6.941540247248837
91594827,6.182942450531975
91594833,1.690283040293459
91595845,5.438176109591275
91597877,2.3836875365404553
91683191,8.394217559672207
91684663,2.7010695163809855
91684979,2.5148651998259064
91685475,5.239883790711967
91687083,7.432802819121594
91687843,5.205068095133163
91688409,4.424439098589031
91688455,1.808833290046369
91688775,2.952502619372219
91690129,3.5983836069178348
91690341,4.972895411779235
91691877,2.2667539838814457
91692521,4.7075933852067005
