0E445706-1F3E-47FA-8A83-D38E2C953307,5.828452288100002
105954753,7.923891406600692
120017988,3.494620880595907
120018006,8.088143981102766
120018022,5.864169819958947
120018032,5.218264193727742
120018049,2.130356633843711
120018059,3.497637284097424
120018071,4.469881820727121
120018074,4.325794160936501
120018081,2.0192500451848177
120018084,3.6579857578318435
120018089,4.8133816806504806
120018090,5.8623738572397
120018094,3.7728856771895893
120018097,3.9822856715343344
120018100,1.621550739943494
120018102,2.97885019384641
120018107,5.812146234294713
120018108,6.309991355027427
120018114,3.1207290711623683
120018124,4.591901764240946
120018126,4.299520523678553
120018129,2.879374816315816
120018132,2.9177923630526355
120018133,2.0294258593044856
120018139,2.8339530053832243
120018140,2.097493175659592
120018146,6.718417793512352
120018211,3.6956793406096415
120018212,6.119993404592284
120018379,5.28724015603395
120018459,3.148105733738972
120019294,7.742415374959497
120019371,6.289876985957324
120019513,8.21969602547039
120019636,4.344123730436337
120019638,3.4669459479176297
120019704,4.656620906905612
120019712,2.5796932740537666
120019749,4.44320163144928
120019849,4.228995963361933
120019850,4.089169031273
120019854,3.883845635827692
120020199,1.9783358938820315
120020204,3.0862587351121853
120020206,8.06736681190682
120020208,3.644327844444815
120020210,5.009622868622839
120020211,3.159337932347362
120020218,6.0954089760185886
120020226,7.809523973462127
120020240,3.2997289790939965
120020242,2.4318522023020708
120020334,2.593286711464801
120020343,3.485875201896477
120020354,5.192799656574624
120020367,4.833553279037287
120020373,2.3710465829205036
120020387,5.192569166148997
120020800,3.092573085597445
120020805,2.4984136101989862
120020844,4.058480524166812
121622699,4.039928622709621
121623043,3.750861772373371
121623126,2.4965333882288707
121839184,7.194858589225143
121860894,2.604961190657486
126212479,4.754246645220405
137059882,5.20749288842854
139268769,2.2052859892019354
139269431,2.528460605685786
141288680,1.784985546189166
143249192,1.9507406542795798
143249470,5.020669370931915
143249640,4.832866056051852
143249864,2.022572026043981
143396594,10.485645455827838
143398250,7.628389008307223
143416561,7.48306453605799
143418891,5.908271568844574
151949699,4.62767127079249
152335372,2.764187785189221
155442829,3.075625825751781
155445200,4.711513805715723
155635994,2.4120468220309963
166867866,3.1848855082044243
167256799,3.653069010181333
167256807,3.8964832268748673
32672122,2.984228864478554
34119718,8.195699888042297
34124239,5.04739960477686
34126002,4.226273065390551
34127708,3.30241738376858
34129366,7.0021618034611715
34129544,1.867344121239054
34130489,9.980946961065348
34130604,3.311420743754063
34131191,6.009075415574373
34131278,2.8779489854848364
34131807,2.3387612434235803
37648633,2.3231232895564062
45337711,8.925399874424926
45385910,4.789839204446577
45722930,1.877124262075466
45728298,2.452439788512525
45730390,3.8728617657274502
47726570,2.5860014097369497
69886156,3.3497489737151662
69886228,3.029863995677775
69886510,3.533628841092928
70332223,5.120099596103087
70334209,3.7631137710149902
70334219,5.111934446195434
74924599,2.047152083538494
75474779,4.183544022677492
75653667,4.35334969042278
75654673,7.7512657485566425
80005045,3.502215547321231
81002103,1.947674621301608
86274695,2.2684208889221456
86274749,7.138935354355941
86274823,2.677566599175569
86275133,4.8445047789075595
86275195,2.2841843884113113
91593827,4.428666785041906
91594687,7.306747939401302
91594827,7.183675089451687
91594833,1.9896745196184276
91595845,5.403693542556466
91597877,2.9543252348553124
91683191,8.30585363901832
91684663,3.0958528671563816
91684979,2.5946006653118214
91685475,3.953944984443578
91687083,9.484084211985895
91687843,6.682239832093103
91688409,4.080027508238042
91688455,1.7968230007079344
91688775,3.465257922862875
91690129,5.759196151209556
91690341,6.70875343448298
91691877,1.6548497924434318
91692521,7.295747370863305
