0E445706-1F3E-47FA-8A83-D38E2C953307,2.6200742444172516
105954753,2.912432671543872
120017988,3.3553559165851135
120018006,11.373002327858089
120018022,8.06492208775158
120018032,1.7068183822721166
120018049,5.560505035929289
120018059,5.7669237610732695
120018071,7.891514104462929
120018074,7.63507185029765
120018081,5.25369105754284
120018084,7.148171617834794
120018089,7.157395477236262
120018090,8.264466935307581
120018094,4.929426007317326
120018097,7.044600382952916
120018100,4.5039716397072755
120018102,4.405946548852791
120018107,8.776608781326253
120018108,9.395994046342567
120018114,2.6868080627780757
120018124,6.736001755757906
120018126,7.025639879653774
120018129,4.884038203467644
120018132,6.164898364367212
120018133,3.5766785411510464
120018139,3.5877749351683574
120018140,4.023306542427181
120018146,2.701898939898497
120018211,2.5556265485650758
120018212,8.673620837018817
120018379,6.426108178671137
120018459,5.475477580957796
120019294,3.5579193910385465
120019371,2.586432535304847
120019513,3.434623329560848
120019636,2.3333552602071475
120019638,2.8771065711087753
120019704,3.999364904865894
120019712,3.7431958110543846
120019749,2.0716250292044336
120019849,7.062253503024896
120019850,6.057283534426018
120019854,2.9018245895300874
120020199,5.134634609512036
120020204,5.894083025127773
120020206,2.636540561552427
120020208,4.808989642912908
120020210,8.06755765547252
120020211,6.077336722858394
120020218,8.746786054030053
120020226,11.186330895800168
120020240,3.8154820966636653
120020242,4.569287389789537
120020334,3.1097340612656224
120020343,2.573138486606533
120020367,7.3044750862589485
120020373,4.871462727125445
120020387,8.745178457183796
120020800,4.605074164292665
120020805,5.586178251582229
120020844,5.735838704575609
121622699,3.4616387520550203
121623043,2.427821974668431
121623126,3.6825609559709203
121839184,2.943085613685729
121860894,5.5764301127825835
126212479,7.623322803456537
137059882,8.698403599258965
139268769,3.782617775123701
139269431,3.550021994737031
141288680,5.006839732419984
143249192,3.8896674294288767
143249413,4.522197794132279
143249470,2.329579259705287
143249640,1.9793814079944825
143249864,3.706103547338185
143396594,13.547068581661911
143398250,11.203970296227734
143416561,3.0553453504235
143418891,3.38323902740548
151949699,4.673556004289251
152335372,2.966280405125524
155442829,4.8914962321372135
155445200,3.6928785299997124
155635994,3.680868831601899
166867866,2.9397953371481713
167256799,3.9954333642500695
167256807,5.568839438485457
32672122,5.636368840073898
34119718,11.661572986439536
34124239,8.234189867042154
34126002,7.16264243672349
34127708,6.175286175840788
34129366,9.421546834239079
34129544,5.398837410007206
34130489,13.227696632313652
34130604,6.246741662516546
34131191,7.54769906159396
34131278,5.580506389760014
34131807,4.355379371453582
37648633,3.441472654502256
45337711,11.008585583414462
45385910,2.544725832900331
45722930,5.245009251154469
45728298,5.003370481445879
45730390,2.7753581466513793
47726570,6.350264833653877
69886156,6.779972518076494
69886228,3.38188619123134
69886510,3.6097706398558738
70332223,7.298194812291346
70334209,2.829003901005225
70334219,7.535625049078825
74924599,4.822481349260337
75474779,6.934966569020253
75653667,7.097539847310365
75654673,3.0372964918514365
80005045,3.6786538667293667
81002103,4.0120671607470495
86274695,3.5548079440584672
86274749,10.421954813926654
86274823,5.005881850886371
86275133,2.773969591867711
86275195,3.5851547691504653
91593827,6.849360757032469
91594687,10.8505503095004
91594827,9.833732074743047
91594833,4.238580105212692
91595845,8.283211321475921
91597877,5.518383333510035
91683191,11.830122265787903
91684663,4.3346839950018605
91684979,4.437623530397142
91685475,7.162255534498942
91687083,12.390145076119108
91687843,9.92789940847931
91688409,7.739588071877034
91688455,4.432675375371648
91688775,5.354150611935816
91690129,8.217607420199277
91690341,9.160523056367989
91691877,4.45309158583075
91692521,2.8016907532844852
