0E445706-1F3E-47FA-8A83-D38E2C953307,7.375010717858159
105954753,7.6733371037571585
120017988,5.110077407698734
120018006,5.843194287199135
120018022,2.9058696598985083
120018032,7.047278561567309
120018049,2.6854372321690643
120018059,3.716337527890466
120018071,2.1618968727571426
120018074,2.0427235962192234
120018081,2.2664819379257746
120018084,2.208382850460134
120018089,2.0797517602657623
120018090,4.505887285139331
120018094,4.322927863547115
120018097,1.8292855764131324
120018100,3.785856239190818
120018102,3.660209564498652
120018107,2.445832379820269
120018108,3.862139437991214
120018114,5.54407872456006
120018124,2.6400492884882047
120018126,1.8506325022511723
120018129,4.261836408546922
120018132,1.900714178902822
120018133,4.13086051731255
120018139,3.8224541904390015
120018140,4.016559595438874
120018146,7.914795597336684
120018211,5.434842143454132
120018212,3.1488192884756705
120018379,5.9106661580216615
120018459,4.19630503385282
120019294,8.156060662772498
120019371,7.503211205894368
120019513,8.419481580932409
120019636,5.510647481401833
120019638,5.595855647867836
120019704,6.932101381276139
120019712,3.92685667956738
120019749,7.301730087188816
120019849,2.419444211966685
120019850,2.833471429033285
120019854,5.8103338880129
120020199,2.83515491801437
120020204,1.694650433303966
120020206,8.611715572704068
120020208,4.248840530706025
120020210,2.671929486217587
120020211,3.9103151944714716
120020218,2.638722419182414
120020226,5.5583641511348425
120020240,5.018858943783244
120020242,3.2551711444926172
120020334,4.246216720647231
120020343,5.455771608452937
120020354,7.400516311402916
120020367,3.348641506142055
120020373,4.738320906244273
120020387,3.2208394075265416
120020800,5.0693644940932785
120020805,2.839955058910196
120020844,5.642283757410768
121622699,7.412256170149757
121623043,5.699217876125752
121623126,4.570424432230066
121839184,8.465641854927766
121860894,3.7961766475360617
126212479,4.975864078317285
137059882,4.141147827797382
139268769,4.235353583745998
139269431,5.384993745445168
141288680,3.938223682052044
143249192,4.869970600311652
143249413,3.593618342428101
143249470,7.245903731736062
143249640,6.9418006199947575
143249864,3.9659065127250517
143396594,7.58153393787297
143398250,6.0425486138343
143416561,7.8776030326994775
143418891,7.241109371488655
151949699,6.681812735348623
152335372,4.993296214333546
155442829,4.932620063500531
155445200,6.5296128048861375
155635994,5.0873285240459865
166867866,5.53823149009316
167256799,4.895700796783437
167256807,3.371167455858511
32672122,2.613027444639946
34119718,6.370638336443058
34124239,5.030008015993506
34126002,3.7481745966412174
34127708,1.8705224440994845
34129366,4.368486296021065
34129544,3.0726921168518078
34130489,7.321793602518784
34130604,1.9488894772005052
34131191,6.1145791456566725
34131278,2.075202440754971
34131807,3.890339987554906
37648633,4.8666273904108275
45337711,5.65038973550434
45385910,7.006179494959121
45722930,3.1807894694708305
45728298,4.1306575538791295
45730390,6.12483229107353
47726570,2.498451074325835
69886156,2.76896779044833
69886228,5.593226518690976
69886510,6.665826665237988
70332223,5.440161960138073
70334209,5.807146246624332
70334219,5.05727466240898
74924599,4.248336561679098
75474779,3.214697880058776
75653667,2.2692784078717674
75654673,8.772213653455397
80005045,4.698449000324136
81002103,4.180985756542428
86274695,4.68838749782899
86274749,6.003798211899151
86274823,3.7725048879428686
86275133,7.247670069786377
86275195,4.794696962255859
91593827,2.1989744074482576
91594687,5.623893818210086
91594827,4.227877833471334
91594833,3.6026224401149336
91595845,2.531554749355398
91597877,2.447436269348662
91683191,5.808569690149261
91684663,4.054509834474799
91684979,3.0370871783198425
91687083,7.298641685641774
91687843,4.79993725699313
91688409,2.422966075458174
91688455,4.328287670325641
91688775,5.228595658914544
91690129,4.850152468194571
91690341,3.9106983719867086
91691877,4.473557844317575
91692521,8.830867713574206
