0E445706-1F3E-47FA-8A83-D38E2C953307,4.209488911895164
105954753,4.182546279372464
120017988,2.8528812395774987
120018006,8.502299864821076
120018022,4.749918882673623
120018032,3.8711744783048045
120018049,2.8643904673939935
120018059,3.1277914184279747
120018071,5.23574657422117
120018074,5.03563432179767
120018081,2.5946992804100955
120018084,4.408129135520931
120018089,4.031867426369953
120018090,4.17349100111823
120018094,2.502187659742933
120018097,3.7985816331451767
120018100,2.508750709751752
120018102,2.25747270579978
120018107,6.1179063226782455
120018108,5.968524855817349
120018114,2.6452350114297425
120018124,3.5938433145193827
120018126,4.009519151216887
120018129,2.5790645304025706
120018132,3.384227994504756
120018133,2.107838877944515
120018140,1.9953716387767875
120018146,4.531603259029039
120018211,2.4328720282055505
120018212,5.683378051421394
120018379,4.195070997604683
120018459,2.7682027376439615
120019294,4.757758312211589
120019371,4.0931208018045915
120019513,4.750876666210321
120019636,2.7560582968723066
120019638,3.249092089096763
120019704,4.282603531190038
120019712,1.803390174835703
120019749,4.052835576690138
120019849,3.890459817357611
120019850,3.9350960389514187
120019854,3.332886548439276
120020199,2.695496455803933
120020204,3.3968568933815178
120020206,4.674627163646642
120020208,2.6578012355123564
120020210,4.86179451257502
120020211,2.782898694846819
120020218,6.102117677750196
120020226,8.09355350850281
120020240,2.647050912424197
120020242,2.2279094027680335
120020334,2.047180243694281
120020343,2.6802363343466205
120020354,3.748134068959307
120020367,3.85785469603931
120020373,3.219721801944875
120020387,6.0205362438238375
120020800,3.2672739115610243
120020805,2.940612924467759
120020844,3.661244639136626
121622699,4.0247340703086385
121623043,2.6195614966723775
121623126,2.1219194652010986
121839184,4.934592722441633
121860894,3.6004672334384202
126212479,4.882266666883704
137059882,5.701354660661708
139268769,2.21014658751239
139269431,3.160860063644914
141288680,2.8943706645674023
143249192,2.673270012988283
143249413,2.501887323339056
143249470,4.316196810171896
143249640,3.7775711874416786
143249864,2.235737087250386
143396594,11.133675464683238
143398250,8.010357030386528
143416561,4.323115302695898
143418891,4.321551788363686
151949699,4.239629698451394
152335372,2.532533821461434
155442829,3.2605483880672983
155445200,4.301176127130738
155635994,2.7830155713590763
166867866,3.142332557398618
167256799,2.5882793375673896
167256807,3.4817511315177185
32672122,2.9054447384341437
34119718,8.442105404011944
34124239,5.011904010363529
34126002,4.089631378851821
34127708,3.649414244181739
34129366,5.766592312518214
34129544,2.751430525441563
34130489,10.223681714150317
34130604,3.3747747432203785
34131191,5.44206638840222
34131278,2.9460296482101826
34131807,2.3292078630145046
37648633,1.9607932603007694
45337711,8.238645640755408
45385910,3.982178221881122
45722930,2.9795370732594395
45728298,3.3727089674192023
45730390,3.3242790625597585
47726570,3.708432085786263
69886156,3.527658111967414
69886228,3.4546783416031563
69886510,3.732302740350584
70332223,4.824876739056279
70334209,3.1914780935744003
70334219,4.276825031717839
74924599,3.1506524589362406
75474779,3.629543126753493
75653667,4.852789146874234
75654673,4.971205038198155
80005045,2.3291927088672377
81002103,2.4960683065254208
86274695,2.783388210804643
86274749,6.958311029677767
86274823,2.3959036134716176
86275133,4.178755492065472
86275195,2.21624613913208
91593827,3.612682775532684
91594687,7.848321083848236
91594827,6.306155927595303
91594833,2.1703864390556737
91595845,5.644885096379504
91597877,2.4801907287846716
91683191,8.845415832560205
91684663,2.6641876387171126
91684979,2.3586448967118696
91685475,4.796404395803068
91687083,8.59259177104914
91687843,6.259567035245726
91688409,4.787663441150046
91688455,2.932343828000146
91688775,3.788923568235051
91690129,4.526561899113834
91690341,5.357210714294333
91691877,3.0101380890554563
91692521,4.882953318574058
