0E445706-1F3E-47FA-8A83-D38E2C953307,5.247070356447466
105954753,6.521910811027556
120017988,3.491505534152298
120018006,7.464326409102374
120018022,5.230615564041822
120018032,5.486692845100127
120018049,1.7387190433013968
120018059,2.6644533794047818
120018071,3.9894102036006696
120018074,3.9553591090956686
120018081,1.9092881721729098
120018084,2.398695107357049
120018089,4.043261974314972
120018090,4.975785719099979
120018094,3.7283007720777204
120018097,3.3201072495929727
120018100,1.862632178321983
120018102,2.903674013190068
120018107,4.653489257164768
120018108,5.339231919890964
120018114,3.3920878739747526
120018124,2.228848658015112
120018126,3.221513928918346
120018129,2.7972064603818096
120018132,2.2733036921100114
120018133,2.1692290076008414
120018139,2.6751930110775004
120018140,2.0274783054820027
120018146,6.018678462410681
120018211,3.6562762130192112
120018212,4.891595655924893
120018379,4.8376314199854935
120018459,2.791831800779979
120019294,6.245087682435127
120019371,6.103232039489142
120019513,6.935401557642668
120019636,3.3539898326538453
120019638,4.389928848613608
120019704,4.810234672920215
120019712,3.2911537314325088
120019749,5.36375835521904
120019849,3.1096065276405103
120019850,3.313651499194914
120019854,4.577170785390161
120020199,1.6466236367252085
120020204,2.322161404620216
120020206,6.6824015131530885
120020208,3.545083215755231
120020210,4.243405149124103
120020211,2.814844943582156
120020218,5.2341218602786785
120020226,6.942344242335955
120020240,3.10188513087367
120020242,2.4426798780243857
120020334,3.3037468374705314
120020343,3.5866812214931136
120020354,5.073084308393433
120020367,3.8248456366827206
120020373,2.701558214103106
120020387,4.427706729807761
120020800,3.4141205378471065
120020805,1.808362392591677
120020844,3.9780049827552353
121622699,5.038268982045194
121623043,3.6615443057734978
121623126,3.0516785144720333
121839184,5.9852270896654005
121860894,2.890252756387355
126212479,4.37397800313422
137059882,5.159625064203946
139268769,2.5128943572179065
139269431,2.829195769956726
141288680,1.9469521188230416
143249192,2.4744161252493964
143249413,1.6595244169078682
143249470,5.38542421012373
143249640,5.027499280488715
143249864,2.4501933199181245
143396594,9.79861025279642
143398250,6.835487205788748
143416561,6.32310292617536
143418891,5.061252228170333
151949699,4.735256960287331
152335372,3.2399365872494377
155442829,3.5788616653757894
155445200,3.950733157355648
155635994,2.773509219579808
166867866,3.6601502197742697
167256799,3.069981870504429
167256807,3.252036231834415
32672122,2.5429841850854595
34119718,7.213455685122434
34124239,4.872253084620908
34126002,3.4450874016984234
34127708,2.8929424977588165
34129366,5.903460316600637
34129544,1.8434908822521212
34130489,8.728812559099362
34130604,2.2740924782614016
34131191,5.60842130194864
34131278,2.187708608470022
34131807,2.5592253350880774
37648633,2.7424343520155383
45337711,7.236863987359691
45385910,4.5692234211536125
45728298,2.369919479295634
45730390,3.4897674822199214
47726570,2.0155934365786816
69886156,2.9689349489652317
69886228,3.504615186027186
69886510,3.8922011207632092
70332223,4.9551257224334115
70334209,3.839019450583635
70334219,4.848251731639988
74924599,2.3923326087315324
75474779,3.5160855484846025
75653667,5.062100885622708
75654673,6.658089958356494
80005045,2.993905037228636
81002103,2.0855614657601897
86274695,3.0366724102381113
86274749,6.205187869916503
86274823,2.7588795590442383
86275133,4.690512180368822
86275195,2.8120036267093735
91593827,4.035812903073107
91594687,6.6327324813771025
91594827,5.329593198937086
91594833,1.9757494376575808
91595845,3.8201139371012793
91597877,2.396063468534807
91683191,7.22286232467629
91684663,3.4721916112690234
91684979,2.36343925616502
91685475,3.2984866765270913
91687083,7.8268844883464865
91687843,5.290015842532147
91688409,3.5020259793471196
91688455,1.673712305778586
91688775,3.5622830509454513
91690129,4.73844782488349
91690341,5.4487222750212725
91691877,2.558603803779709
91692521,6.4167377959085785
