0E445706-1F3E-47FA-8A83-D38E2C953307,2.160141477848654
105954753,1.926907526445135
120017988,1.6091231284764724
120018006,3.947604851686578
120018022,3.46606099116395
120018032,1.334821552878319
120018049,1.3379261776652025
120018059,1.430728184871968
120018071,1.6388098715088717
120018074,1.8218724036992857
120018081,1.3646303414828422
120018084,1.3170076672774098
120018089,1.4833015978005375
120018090,1.6223554204655384
120018094,1.2656606763831086
120018097,1.4266447210401099
120018100,1.734161535825716
120018102,1.6344115641259311
120018107,2.2044644236963213
120018108,2.4368526884812454
120018114,1.4334900954493164
120018124,2.989130796952317
120018126,1.7033679322384252
120018129,1.3509266022520912
120018132,1.4970981149306222
120018133,1.376471881026243
120018139,1.359115482896996
120018140,1.3794165247135468
120018146,1.5650353022121535
120018211,1.5589129957538868
120018212,3.84556758534889
120018379,1.3137880428593354
120018459,1.5881821844004596
120019294,2.7323738966502966
120019371,2.2553973500804405
120019513,2.161190443572439
120019636,1.442657626735035
120019638,1.833479363462744
120019704,1.5014332905588612
120019712,1.3675487411836507
120019749,1.8092331399692911
120019849,2.7775945205064536
120019850,2.443046477132412
120019854,1.9198786901732183
120020199,1.289208321203027
120020204,1.6038742373690547
120020206,1.4640626576819014
120020208,1.408641468725703
120020210,1.6180964351141496
120020211,1.3767687432617361
120020218,2.5426217714796677
120020226,3.1862994496859702
120020240,1.4010791223322525
120020242,1.2600144069719532
120020334,1.4184749546690005
120020343,1.2532610680381813
120020354,1.3208707673797502
120020367,2.1028259271691776
120020373,1.5121332326372732
120020387,1.5061501164660296
120020800,1.6295214122450126
120020805,1.4237137267198143
120020844,1.347663335950975
121622699,1.5149538857010092
121623043,1.2974943212029109
121623126,1.4227074490714215
121839184,1.357029207979691
121860894,1.6085084394012892
126212479,2.6280094503409575
137059882,2.07061156900764
139268769,1.335974165971264
139269431,1.6944333550875932
141288680,1.3461355973926536
143249192,1.465275692605813
143249413,1.4098220869069102
143249470,2.323808244834353
143249640,1.7732906780043631
143249864,1.426319065925115
143396594,5.102256035753828
143398250,2.07220226132256
143416561,1.8551436670440027
143418891,3.1838028539093024
152335372,1.4258877952819202
155442829,2.7342715328936333
155445200,3.357270092800967
155635994,1.389609110558089
166867866,1.5378095936093263
167256799,1.3904262259571036
167256807,1.3715931486319184
32672122,1.4470265811605498
34119718,2.281740785382612
34124239,1.3493858039102584
34126002,1.6342965425475318
34127708,1.3833523760093394
34129366,2.413109120027295
34129544,1.4096391157927453
34130489,5.02942571695054
34130604,1.308049648323006
34131191,1.649551467459873
34131278,1.745338191820153
34131807,1.4802172251502355
37648633,1.2736865698168562
45337711,6.034296561627647
45385910,1.3371647878465303
45722930,1.6043708572335242
45728298,1.389887736286016
45730390,2.2653058536764066
47726570,1.446888498576363
69886156,1.342076687525706
69886228,2.016596678566441
69886510,1.8104044896218587
70332223,2.19549571419422
70334209,1.5606475783060085
70334219,1.8064134041262208
74924599,1.6019742237561196
75474779,2.054971432055273
75653667,3.4029177274865496
75654673,1.3571520879193064
80005045,1.556626595982564
81002103,1.3035164149419733
86274695,1.5227648410215802
86274749,1.7898305110202812
86274823,1.3961569682749158
86275133,1.3164720162517198
86275195,1.3522265732621823
91593827,1.9826854871760804
91594687,3.0303517413762853
91594827,3.685488500453866
91594833,1.304719773963854
91595845,3.025722731414525
91597877,1.3863713200351246
91683191,2.539285563741477
91684663,1.8477165587342674
91684979,1.374427458905607
91685475,1.8483883844003481
91687083,1.8828842351860604
91687843,1.5356065845040636
91688409,1.8368817862552143
91688455,1.5892452460346458
91688775,1.363445858829524
91690129,1.7619831636407721
91690341,2.085237091582924
91691877,1.3975450737584334
91692521,1.4788342172333002
