0E445706-1F3E-47FA-8A83-D38E2C953307,3.4756402690304977
105954753,3.428304738290477
120017988,2.550449973299317
120018006,7.962708640314358
120018022,5.810532143894039
120018032,3.4830214872953205
120018049,2.8333354474205685
120018059,2.6570669925697614
120018071,6.093294134935458
120018074,6.173699650221861
120018081,2.9223490429172365
120018084,4.25058550200451
120018089,4.618616433132154
120018090,3.2456592002027334
120018094,2.2463643446327874
120018097,4.085360667963693
120018100,1.974704920561752
120018102,2.719287468579798
120018107,6.427376936226628
120018108,5.431323186314074
120018114,2.4677926626955307
120018124,3.273333172008037
120018126,4.573896836951229
120018129,2.051739333936621
120018132,4.06316311097659
120018133,2.1157921882006248
120018139,2.2000508330761885
120018140,2.1963073172071965
120018146,3.625644979401456
120018211,2.258318604550398
120018212,5.853101545118874
120018379,3.2552921708282128
120019294,3.820145050352077
120019371,3.375936523560219
120019513,3.856996167295038
120019636,2.5345225491494876
120019638,2.9231168779191097
120019704,3.6366980326947367
120019712,2.139612315321901
120019749,3.308836326903861
120019849,4.648065835581453
120019850,4.474286316074352
120019854,3.5920526947392837
120020199,2.6112178687532657
120020204,3.9595165204722256
120020206,4.088453305265277
120020208,2.8290716939292513
120020210,4.933258837643553
120020211,2.185602891592819
120020218,7.353969855807218
120020226,7.3017926644854985
120020240,2.448139538681411
120020242,2.1219093206857607
120020334,2.2998760687470488
120020343,2.357075065974079
120020354,3.649439539596543
120020367,3.461934222130254
120020373,2.5906899754023858
120020387,6.423479822514335
120020800,3.6475609879303654
120020805,2.8287561242218415
120020844,2.797644862027942
121622699,3.5212911463820316
121623043,2.4597894487261196
121623126,2.3118192872636003
121839184,4.098417973228822
121860894,3.093144287071665
126212479,3.2896359202758445
137059882,4.947990538850535
139268769,2.1299427824001556
139269431,2.5985862575086087
141288680,2.1802383415256794
143249192,2.250150427131741
143249413,2.0728928953976067
143249470,3.70334761785261
143249640,3.3079209423572298
143249864,2.145248675390669
143396594,11.645234323342898
143398250,6.85215473853637
143416561,3.6025496608286502
143418891,3.6522995937990053
151949699,3.8198415970858095
152335372,2.1249611497645255
155442829,3.5841785576819576
155445200,3.8450831755571184
155635994,2.501119642190416
166867866,2.7259430573163734
167256799,2.6966484734318183
167256807,3.1406636081721606
32672122,2.920490527532273
34119718,7.5967925490806385
34124239,2.791579452577954
34126002,3.0119434396575575
34127708,4.552332475038049
34129366,5.78837111484124
34129544,2.6705093950840806
34130489,9.803109424160814
34130604,3.5728301152830544
34131191,4.628252329415407
34131278,3.3800406173188784
34131807,2.3268335486931306
37648633,2.139045777497854
45337711,8.788254405504777
45385910,3.35310403855791
45722930,2.565065004105585
45728298,3.244735293893566
45730390,3.2720817676917386
47726570,3.7465907772847418
69886156,3.33273155122171
69886228,3.0537466780297526
69886510,3.2244285013210114
70332223,3.869454118743823
70334209,2.8612749214978073
70334219,3.333042642488054
74924599,2.4040103887683757
75474779,3.1457645609259663
75653667,7.087673097278021
75654673,4.144327685144387
80005045,2.0370196137111773
81002103,2.060811344328364
86274695,2.4247799659919176
86274749,4.306517354893532
86274823,2.0699932403610384
86275133,3.492076460424991
86275195,1.9303413307537076
91593827,4.212127750929919
91594687,6.98090432061402
91594827,6.048915339798081
91594833,2.21521946204237
91595845,5.9250110470782555
91597877,2.995892831587513
91683191,8.278694175538567
91684663,2.637024248389128
91684979,2.9302890550571843
91685475,5.268840573638203
91687083,6.76840958151369
91687843,4.693746876083046
91688409,4.974369254996697
91688455,2.353473312722345
91688775,2.8176531616890736
91690129,2.9180781635570736
91690341,5.085297049142697
91691877,2.546507481271738
91692521,4.099664572079848
