0E445706-1F3E-47FA-8A83-D38E2C953307,5.556164479540272
105954753,5.990854609234365
120017988,3.595562537879528
120018006,7.359974941980583
120018022,4.3590986745938505
120018032,5.695564783695582
120018049,2.8436597738718956
120018059,3.330510823956524
120018071,4.527249762769618
120018074,4.370125531163647
120018081,2.9822126277188596
120018084,3.8148618103567045
120018089,3.6595110303298197
120018090,4.266910158635912
120018094,3.443052578162684
120018097,3.5478677898336115
120018100,2.744301096928834
120018102,3.3484467588725697
120018107,5.189150544332322
120018108,5.225344289264723
120018114,4.010947342180799
120018124,3.4827969593170627
120018126,3.7663729273567244
120018129,2.9985344719454123
120018132,3.326564766250531
120018133,3.187497406779726
120018139,3.239008454275305
120018140,2.9051612079984785
120018146,5.907082433687855
120018211,3.7320771347411283
120018212,5.101183932458389
120018379,4.1866525183838235
120018459,3.051823171449508
120019294,6.331839323902161
120019371,5.720651497830846
120019513,6.505040264894745
120019636,4.256661907496153
120019638,4.244322725663776
120019704,4.974539715390954
120019712,3.70621023932231
120019749,5.538308529779045
120019849,3.024533944426522
120019850,3.0417360175002486
120019854,4.051458072397919
120020199,2.8711631411747467
120020204,3.196694620814927
120020206,6.184893193544057
120020208,3.8960149065988388
120020210,4.228981002282581
120020211,3.2046594848630607
120020218,5.256501166131264
120020226,6.972455694300404
120020240,3.4341407962494195
120020242,3.132918043811957
120020334,3.7535532515493006
120020343,3.8188609103571154
120020354,4.966457366810463
120020367,3.707494399550093
120020373,3.1460121189644954
120020387,4.959797709839545
120020800,3.544656118299351
120020805,2.8966177961943687
120020844,4.00053047655705
121622699,4.677698864463769
121623043,3.5585643466895736
121623126,3.27701777278398
121839184,6.380641777947637
121860894,2.9863278927367856
126212479,4.1444237319906545
137059882,4.799265575479501
139268769,3.126239598203081
139269431,3.409078482963644
141288680,2.996414465860436
143249192,2.8662511593955684
143249413,3.0017499002504584
143249470,5.688517076239546
143249640,4.837890356055133
143249864,3.2122134134050557
143396594,9.498739839141837
143398250,6.92288322153808
143416561,5.976313430309594
143418891,5.58542337450789
151949699,4.6847848397069125
152335372,3.4821911888078274
155442829,3.4267594046150123
155445200,5.067318245471659
155635994,3.0776938813254895
166867866,4.034494552382229
167256799,3.2580479665255986
167256807,3.444280107462981
32672122,3.1596588246623676
34119718,7.446115626243481
34124239,4.553730174738666
34126002,3.483485289209026
34127708,3.4057711719941723
34129366,5.463681060844029
34129544,2.9842781211568106
34130489,8.632958980703746
34130604,2.9870365850698994
34131191,4.929405812209595
34131278,3.0769856065738206
34131807,3.2298240406628818
37648633,3.222315749229755
45337711,7.104764610321837
45385910,5.101528498585426
45722930,2.7863778679524125
45730390,3.8990780289508318
47726570,3.3366943938443394
69886156,3.3380853380957523
69886228,3.9613301627680784
69886510,4.533220105541925
70332223,4.475355771593884
70334209,4.142694384054364
70334219,4.644785875265525
74924599,2.9926135465815964
75474779,3.6773786043074255
75653667,4.403299229281514
75654673,6.652896389884833
80005045,3.3462729603844363
81002103,2.791179984566694
86274695,3.343346033362569
86274749,5.909263413318572
86274823,3.155120118737319
86275133,5.307018577707493
86275195,3.171011123843777
91593827,3.6026675214808614
91594687,6.718891618996103
91594827,5.707059439288651
91594833,2.7606553706858876
91595845,4.972229364089058
91597877,2.9330387086551606
91683191,7.662675801832726
91684663,3.563112042604475
91684979,2.8728315754721456
91685475,4.196899964058486
91687083,7.905906824761265
91687843,5.539366398453516
91688409,4.246404410523395
91688455,3.1671589690440385
91688775,3.804481062985056
91690129,4.242468655170082
91690341,5.1505224650326875
91691877,3.1119374597304454
91692521,6.448732720320428
