0E445706-1F3E-47FA-8A83-D38E2C953307,3.2095063412351337
105954753,4.741612107576278
120017988,5.6861228668451345
120018006,8.804610232438543
120018022,8.0397399592442
120018032,3.110815312838435
120018049,3.836349171896388
120018059,5.658454822525293
120018071,4.929536663949599
120018074,4.827688407071336
120018081,4.856014005481235
120018084,4.588255473562215
120018089,6.787276572565099
120018090,7.97861621289605
120018094,6.575306406832316
120018097,5.317444939193583
120018100,2.8599860016638705
120018102,3.445322785007001
120018107,6.829413856858043
120018108,7.263049198843389
120018114,2.673511522677054
120018124,4.630623336904875
120018126,5.684285093285806
120018129,5.413590598090239
120018132,4.132293187243652
120018133,3.5630015445534147
120018139,3.035361192696357
120018140,3.9715620325918524
120018146,4.081809060578385
120018211,2.9988586790027925
120018212,7.133459440419398
120018379,7.806918324608595
120018459,6.680293845953901
120019294,5.014052350986984
120019371,3.5995874180246346
120019513,6.742571973143427
120019636,3.235390986135884
120019638,2.80107454906344
120019704,5.748762536086242
120019712,4.549448909764605
120019749,4.051440161690648
120019849,4.6771321940473625
120019850,5.626484434384949
120019854,2.9054238149168454
120020199,4.314816816797368
120020204,4.077094504796501
120020206,4.382439039037305
120020208,5.159797940070693
120020210,7.088096993824021
120020211,5.200645713229847
120020218,6.232957492606304
120020226,8.118037381585252
120020240,3.878075633731061
120020242,6.057035689188474
120020334,4.748415495632819
120020343,5.71872970207354
120020354,3.334732773459107
120020367,6.964701811832403
120020373,6.063676308273545
120020387,6.549989435996303
120020800,5.462720344385972
120020805,4.4883949343298015
120020844,5.602241432644789
121622699,3.4675877704751596
121623043,2.7040100263586027
121623126,5.549488312791126
121839184,4.640090081034595
121860894,5.838077371667274
126212479,6.987641992918392
137059882,7.027128947649127
139268769,5.213463586788313
139269431,2.5894923520178637
141288680,3.213786306516415
143249192,3.1137305756298015
143249413,3.530253278314575
143249470,2.69261465090945
143249640,3.341749513866836
143249864,3.679272539606523
143396594,11.413338892683646
143398250,8.292605102214823
143416561,5.224058583705804
143418891,3.6759423829341435
151949699,6.968003299539407
152335372,2.797736403403881
155442829,4.808247046452367
155635994,3.6469902423506246
166867866,2.55685419770873
167256799,3.71924177676611
167256807,3.8994507803766627
32672122,5.957958585640731
34119718,8.733183621958261
34124239,7.306448454514706
34126002,6.8467022248974185
34127708,4.103215418914725
34129366,8.171453975369964
34129544,3.561535808830839
34130489,10.035678480014493
34130604,4.173430459007627
34131191,7.7219733219187265
34131278,4.06583611077897
34131807,5.044470488692155
37648633,4.034661746258821
45337711,8.691637249565105
45385910,5.4615262900887
45722930,3.5650835692539964
45728298,3.227648861412828
45730390,3.660239821494987
47726570,3.9583967884116507
69886156,6.543467694075882
69886228,2.4467672971701955
69886510,2.8745824120622885
70332223,7.700122985167149
70334209,5.846578800329599
70334219,6.918067826674385
74924599,3.50946737654754
75474779,5.869090600604627
75653667,4.817563913595378
75654673,4.678568267921214
80005045,3.533598918762314
81002103,3.4546634447668714
86274695,3.3025759223617546
86274749,10.036161417876698
86274823,5.23943051150137
86275133,4.5562242980145955
86275195,3.253888504155273
91593827,7.500898030654949
91594687,7.92575669913435
91594827,7.481598429109973
91594833,2.8912289183197823
91595845,5.460936859490098
91597877,5.45789845765118
91683191,8.782113424510648
91684663,5.133236718048441
91684979,3.155522291423168
91685475,4.941198042276508
91687083,9.09285317932665
91687843,8.045652677316525
91688409,6.0372084979996865
91688455,3.811939025261302
91688775,5.739133763632086
91690129,7.281442542431899
91690341,8.17958195820422
91691877,3.0196612749400233
91692521,4.191047761046381
