0E445706-1F3E-47FA-8A83-D38E2C953307,3.9229838000532866
105954753,3.4142592213588836
120017988,3.2038393896015838
120018006,2.641694707635113
120018022,2.1776216933784025
120018032,3.740988744874386
120018049,3.531877014769588
120018059,3.6729994592957045
120018071,2.5823181294616337
120018074,2.575491184370298
120018081,3.547750363712021
120018084,3.008353656205102
120018089,3.052942799008213
120018090,2.3816865936557274
120018094,3.1388540877166626
120018097,2.442881564666941
120018100,3.6590763635537646
120018102,2.6914046294219203
120018107,2.3469249325227866
120018114,3.690472902349082
120018124,3.5629268823909874
120018126,2.546321687448484
120018129,3.6390301454570757
120018132,3.4876363646253257
120018133,3.9917587571214908
120018139,2.8756499640669073
120018140,3.737329931597807
120018146,3.754944314618818
120018211,3.930555971458133
120018212,2.5264861319006853
120018379,3.5618789962867288
120018459,3.5078070421495835
120019294,3.9390218968337756
120019371,3.589783529903297
120019513,3.7300762839372332
120019636,3.714905433390134
120019638,3.987347595343937
120019704,3.633442910063696
120019712,3.6258732833049536
120019749,3.649682695103756
120019849,3.0192164644614925
120019850,2.8111960516389054
120019854,3.6056961208674783
120020199,3.5451105242767404
120020204,3.3747232526406044
120020206,3.7702761282599235
120020208,2.7643325163996733
120020210,2.2723261848530996
120020211,3.277327418161609
120020218,2.2988422104676878
120020226,2.2212155375875624
120020240,3.9241532535505113
120020242,3.6760265384554307
120020334,3.705905831938549
120020343,3.6464503490108005
120020354,3.714128701758238
120020367,1.702099488319025
120020373,4.4115433486588085
120020387,3.038881475001582
120020800,3.482696525619903
120020805,3.6691189742792036
120020844,3.592281894783852
121622699,4.099935144593626
121623043,3.79868743660923
121623126,3.695536194743903
121839184,3.9367860950899587
121860894,3.568675558835322
126212479,2.925698322143403
137059882,3.0085632322285956
139268769,3.345387518974154
139269431,4.34569784630309
141288680,3.6295556856727687
143249192,4.09252501396363
143249413,3.8939509484299655
143249470,3.965218654397267
143249640,3.988221865667124
143249864,3.8966333961141815
143396594,4.202172225754031
143398250,3.140073418342468
143416561,3.248286864190756
143418891,3.8640530227165164
151949699,3.908929311624861
152335372,3.7834119010484457
155442829,3.9516590568398104
155445200,4.702606962288748
155635994,4.1256745904458985
166867866,3.813672605820724
167256799,3.1469749988511153
167256807,2.8662595331699015
32672122,3.326577636321478
34119718,2.7952333567135526
34124239,3.49375173099346
34126002,3.1085825629051147
34127708,3.143141990533832
34129366,2.1212597331773293
34129544,3.723732172038175
34130489,4.178536136196938
34130604,3.4726851832609666
34131191,3.8592765925606223
34131278,2.6780781728449146
34131807,3.531911443035252
37648633,3.6756028404473975
45337711,4.855951329313897
45385910,3.6169693702457133
45722930,3.9833949011450778
45728298,3.4074137338684105
45730390,3.8721228870910283
47726570,3.7865056060066022
69886156,3.575422892024555
69886228,3.8948476337992175
69886510,3.9805552283135945
70332223,4.2695052611830615
70334209,4.235233468196111
70334219,3.66786807104032
74924599,3.7866420268885403
75474779,3.161410756351187
75653667,2.7616868815846285
75654673,3.897912467147752
80005045,3.868446873545552
81002103,3.6217996160244694
86274695,3.6991450137855995
86274749,3.228199589197639
86274823,3.6519471593049353
86275133,3.621955118049661
86275195,3.6374899688909417
91593827,2.187902062633595
91594687,2.6756226213309415
91594827,2.270040580823189
91594833,3.6631030224841816
91595845,3.198325081961777
91597877,3.180043982700305
91683191,2.2129449003750503
91684663,3.3429023494822605
91684979,3.297928338200481
91685475,2.3123336288624903
91687083,2.768891540845495
91687843,2.669548764408635
91688409,3.4357335435207026
91688455,4.333811922721798
91688775,3.810462445857607
91690129,2.941033711585784
91690341,2.5008646816512856
91691877,4.136559402812969
91692521,4.140364166340316
