0E445706-1F3E-47FA-8A83-D38E2C953307,6.899977122173338
105954753,8.187393846430208
120017988,4.56493234594841
120018006,6.377953904405756
120018022,3.629065804512107
120018032,7.244031983494888
120018049,2.0567543598528153
120018059,2.9073151649377467
120018071,2.7892437196373066
120018074,2.8248743505864855
120018081,2.205591952146334
120018084,2.038652183124466
120018089,2.568839258547267
120018090,4.073805478000032
120018094,3.9032647931726507
120018097,2.254608305527406
120018100,3.050891046076705
120018102,4.065356108842487
120018107,3.7100913233065045
120018108,4.358926546386196
120018114,4.917629436317769
120018126,2.335139048000538
120018129,3.2419212470979564
120018132,2.2429578514275494
120018133,3.8780113821414717
120018139,4.134704571170972
120018140,3.4877078484680197
120018146,8.026866464043414
120018211,5.307772918140848
120018212,3.957285115200883
120018379,4.846104360398357
120018459,3.2003648082122473
120019294,8.44504923337693
120019371,7.646231758184002
120019513,8.91974313896914
120019636,5.286907219533967
120019638,5.561635697186325
120019704,6.007300188339794
120019712,4.4783047352360015
120019749,6.941240363491377
120019849,2.6124492566856756
120019850,3.4717636995468917
120019854,5.7332479273150065
120020199,2.2527079672966073
120020204,2.2059699543389786
120020206,8.641612139402968
120020208,4.032641300511889
120020210,3.2433018480486666
120020211,2.835828466109183
120020218,3.925285621181035
120020226,5.853851749281992
120020240,4.244637252548066
120020242,3.154533063492311
120020334,4.746319989211943
120020343,4.954598335671748
120020354,6.848139873139889
120020367,3.2371074854975395
120020373,3.3771303114904168
120020387,3.2909486537360375
120020800,3.9745681238761894
120020805,2.358510153072377
120020844,4.654027526346416
121622699,6.57266899634395
121623043,5.288779529733586
121623126,4.000127080257013
121839184,8.393008728795513
121860894,3.061403389990873
126212479,4.307887957036226
137059882,3.9259758161593474
139268769,3.6776572002679777
139269431,4.281911608833537
141288680,2.7892164339837495
143249192,3.8095535269012832
143249413,2.9713697146659483
143249470,7.227185461347104
143249640,6.549761348562458
143249864,3.748596514702265
143396594,8.581470465370021
143398250,5.806750274407408
143416561,8.218939735299589
143418891,7.165999570009156
151949699,5.681548139959271
152335372,4.527540018580909
155442829,4.032644961030493
155445200,5.897227577002086
155635994,3.9311496663582894
166867866,5.2402653671759785
167256799,3.856496924595039
167256807,3.991813423641721
32672122,2.4231512674125684
34119718,6.178235268265333
34124239,4.177524472402149
34126002,2.8735896978429047
34127708,2.5817697371417463
34129366,4.4969575269619275
34129544,2.2974094074650364
34130489,7.823576355112501
34130604,1.8291066422832716
34131191,5.208426437675709
34131278,2.5580334964994553
34131807,3.3197881760057624
37648633,4.070558352430325
45337711,6.337315291167416
45385910,6.4077033120345925
45722930,2.326609544214756
45728298,3.2295996226384966
45730390,5.567630712449037
47726570,2.0900732542016804
69886156,2.092958948180675
69886228,5.007287945897578
69886510,5.203511561113081
70332223,4.625683720527631
70334209,5.240677980855502
70334219,4.758746054297282
74924599,4.09579776790506
75474779,2.9091894000775693
75653667,3.2469015951474587
75654673,9.030106478794758
80005045,4.25853341011953
81002103,3.472166587958634
86274695,4.331837660160356
86274749,5.367863823138757
86274823,3.269638273295883
86275133,6.5282636800712535
86275195,3.8911930146769147
91593827,2.9575690387157456
91594687,5.489464962637384
91594827,4.739784223985885
91594833,3.2110816499714203
91595845,3.140580591533529
91597877,2.298461013317329
91683191,6.268303783744259
91684663,4.142790407706618
91684979,3.31535306214741
91685475,3.0520461942707913
91687083,7.12788403282715
91687843,4.501020146326548
91688409,2.379970809048336
91688455,3.338488948065537
91688775,4.040319331813319
91690129,4.284820944393912
91690341,4.318106387383748
91691877,3.678306443488215
91692521,8.53251332011411
