0E445706-1F3E-47FA-8A83-D38E2C953307,1.7534205143428125
105954753,1.5372928887361699
120017988,3.3402007527579936
120018006,9.487695028863005
120018022,6.852662398893222
120018032,1.410279609534618
120018049,5.1488903313382925
120018059,4.966669657432669
120018071,7.6517576024460645
120018074,7.362626065659131
120018081,5.407946671113702
120018084,6.846037359236362
120018089,6.7273262984305005
120018090,5.039465445292154
120018094,3.591029491082546
120018097,6.499039836325671
120018100,3.973557947290128
120018102,4.889565028462934
120018107,8.43820266773641
120018108,7.5460889504436865
120018114,2.8742781833690922
120018124,5.626075074449177
120018126,6.423492102021382
120018129,3.505845782419705
120018132,6.1102690149042935
120018133,3.803777115922943
120018139,4.38335283527676
120018140,4.213760801167304
120018146,1.6022699380059242
120018211,2.7747389957532227
120018212,7.729267915784106
120018379,2.519887381753535
120018459,3.9171244026219973
120019294,1.9466172577622436
120019371,1.6872261418397032
120019513,1.5087268628914643
120019636,2.6184653151415276
120019638,2.222881943130245
120019704,1.6929617900486218
120019712,3.3755896295209333
120019749,1.590489715477356
120019849,6.234629791689964
120019850,5.786847054831121
120019854,3.0927143929132677
120020199,4.912271323488846
120020204,5.913155524844098
120020208,3.8220263396308285
120020210,6.72899147674519
120020211,4.207744794642867
120020218,8.307018758613253
120020226,9.29102558804132
120020240,3.278755440725346
120020242,4.232914308803234
120020334,3.6688166465603462
120020343,2.58186192760769
120020354,1.7581254863725448
120020367,5.320750956368099
120020373,3.8658130595175764
120020387,7.478602339647938
120020800,3.721406828100358
120020805,4.919918450103675
120020844,2.897813721292416
121622699,3.1561160510021162
121623043,2.9055805676048516
121623126,3.738472512002624
121839184,1.4134072602167576
121860894,4.408436712059232
126212479,4.843017039547108
137059882,6.822597113147092
139268769,3.303274886873116
139269431,2.8308655458841865
141288680,4.682894337651593
143249192,3.493045261830013
143249413,3.987541084834701
143249470,1.5839233826620838
143249640,1.6275013049465747
143249864,3.5538660986768837
143396594,12.513951353206943
143398250,8.823732707598385
143416561,1.7058374646293837
143418891,2.301312864457111
151949699,2.5757688428365726
152335372,2.7642655160562133
155442829,3.775384777324959
155445200,2.767987999148847
155635994,3.2042413067347164
166867866,2.2279385664645472
167256799,4.310042963856794
167256807,4.995636239200106
32672122,5.033281168932944
34119718,9.245900471414343
34124239,4.983555585072066
34126002,5.25459293287957
34127708,6.1572033863982085
34129366,7.745559542244511
34129544,4.675102902114967
34130489,11.24244563705955
34130604,5.770023953281118
34131191,4.222937957600116
34131278,5.627315805240454
34131807,3.7064176786216523
37648633,3.823717438531574
45337711,9.634673133077133
45385910,1.6219343159579682
45722930,4.628209776434774
45728298,4.284935550372622
45730390,2.757976972182648
47726570,5.927365773356289
69886156,5.554032593716964
69886228,2.5744295105676027
69886510,3.2818565141207934
70332223,4.973599449920125
70334209,2.54255298068722
70334219,4.893156295631242
74924599,4.075842287024254
75474779,5.2127588778590415
75653667,7.503446080240159
75654673,1.307187846915392
80005045,3.9028243660622213
81002103,3.7255904209343296
86274695,2.892827652799007
86274749,7.033837270317254
86274823,3.8571021647247044
86275133,1.4410562820450745
86275195,3.464185589040229
91593827,6.025130482787722
91594687,8.810415860894892
91594827,7.791577082877818
91594833,4.400155662009643
91595845,7.744521528879782
91597877,5.191396390887768
91683191,10.026375728134099
91684663,4.080467536663051
91684979,5.029847458448223
91685475,7.321466850483942
91687083,8.825925860213612
91687843,7.263986802278277
91688409,6.780089115726947
91688455,3.971531977219801
91688775,2.83596845596135
91690129,4.753567975206503
91690341,6.676179092671675
91691877,3.264644553273006
91692521,1.458833880058307
