0E445706-1F3E-47FA-8A83-D38E2C953307,3.7996252339445733
105954753,3.367627904384218
120017988,3.142429630217741
120018006,3.9604218554558592
120018022,4.014735733861723
120018032,3.0944684103699
120018049,3.010963834757551
120018059,3.2681070720999026
120018071,3.2634455447553448
120018074,3.197926869267836
120018081,3.204423836668731
120018084,3.1462436107861427
120018089,3.20600184545771
120018090,3.081542891044016
120018094,2.9804812095917175
120018097,3.0563857318114294
120018100,3.248678400184439
120018102,3.106448687668492
120018107,3.400037544052964
120018108,3.5752216171108886
120018114,3.235069835294885
120018124,3.1875217206982467
120018126,3.2221633744764118
120018129,3.0797164293523838
120018132,3.221110358986855
120018133,3.2862988228685253
120018139,2.963551440506816
120018140,3.153162235943998
120018146,3.074714996816375
120018211,3.1473291311981795
120018212,4.118068215193452
120018379,2.991462320244685
120018459,2.8994168118743158
120019294,3.877881191140534
120019371,3.4475721577000487
120019513,3.602260262830021
120019636,3.018331288575143
120019638,3.416732419587011
120019704,3.0920598150882075
120019712,3.1599409000151764
120019749,3.05121547660545
120019849,3.3108900071257654
120019850,3.356841582621768
120019854,3.5034042147716007
120020199,3.1460244069713017
120020204,3.1740925790768073
120020206,3.148326996812898
120020208,3.1308176238550725
120020210,3.1846519814772294
120020211,3.0381763895471057
120020218,3.5994511259274606
120020226,3.7671277027574703
120020240,3.0947113567986517
120020242,3.1278687400312144
120020334,3.236769054596349
120020343,3.0918282721845154
120020354,3.1798662631597963
120020367,3.4012469988285896
120020373,3.3730896331335387
120020387,3.5620310225230845
120020805,3.0795187115747926
120020844,3.2500124073481387
121622699,3.0968682112668007
121623043,3.0868495132636826
121623126,3.150372122645041
121839184,3.0666048045257996
121860894,3.264835223603762
126212479,3.2606182568649293
137059882,3.3496119217895344
139268769,2.9529699847736577
139269431,3.3084782482132553
141288680,3.19294619188526
143249192,3.1813073622318693
143249413,3.3024934877009993
143249470,3.687173662882996
143249640,3.22814028657293
143249864,3.227141520678501
143396594,6.047579021941788
143398250,3.4335306921176487
143416561,3.3276917777282287
143418891,3.9029037788867873
151949699,3.34309497616107
152335372,3.115906430351937
155442829,4.3582561119401655
155445200,4.412928650063515
155635994,3.2553631877169464
166867866,3.2843037807320457
167256799,2.933482123248058
167256807,3.139555331180515
32672122,3.1866275063970533
34119718,3.578294463348831
34124239,3.129161004766746
34126002,3.013500824229757
34127708,3.1260291362462684
34129366,3.3787060508015383
34129544,3.2419902803689844
34130489,6.0049236076940256
34130604,3.1038404155093606
34131191,3.4567862027775518
34131278,3.0507359341698983
34131807,3.184061324622407
37648633,3.011920392199445
45337711,6.062193286992991
45385910,2.9761677515119986
45722930,3.2537087916850402
45728298,2.972954598676394
45730390,3.1589807756643657
47726570,3.3369510379327214
69886156,3.2301679407991317
69886228,3.6865754442383643
69886510,3.7103483738651475
70332223,3.881499253211906
70334209,3.4120627261378083
70334219,3.5075278020140663
74924599,3.4890647754548496
75474779,3.1812327959520013
75653667,4.3508313029397385
75654673,3.148466684873531
80005045,3.378348716242807
81002103,3.1113578587955435
86274695,3.044459163285698
86274749,3.103534043563782
86274823,3.1618172948826815
86275133,3.003029584753328
86275195,2.919976535166232
91593827,3.305114613222595
91594687,3.7117862330941866
91594827,4.248166686594506
91594833,3.0937039600769887
91595845,3.566024065966508
91597877,3.1496069872846557
91683191,3.63731069856898
91684663,3.42436966592596
91684979,3.177118653186173
91685475,3.5153934164766056
91687083,3.289463449437941
91687843,3.1766585633788402
91688409,3.3533268638330274
91688455,3.364910195787957
91688775,3.1136348843375714
91690129,3.358063178915789
91690341,3.4527102829352905
91691877,3.3318394811197845
91692521,3.4445446672275146
