0E445706-1F3E-47FA-8A83-D38E2C953307,3.386873925260396
105954753,2.3556058999512928
120017988,1.3603988228869959
120018006,2.3760574365981726
120018022,2.1887593613561207
120018032,1.5221526097298417
120018049,1.6561003224118396
120018059,1.8145926504671563
120018071,1.609403956661437
120018074,1.524427879006531
120018081,1.902630130506935
120018084,1.712099170558676
120018089,1.71137997952944
120018090,1.3230978481526183
120018094,1.3238350014223639
120018097,1.5227789255552422
120018100,2.0237439603304956
120018102,1.7988580485873769
120018107,1.7658019743286502
120018108,1.8173984921465451
120018114,2.131986647002914
120018124,1.7004747572797327
120018126,2.0578996341857936
120018129,1.3471092374009837
120018132,1.8381977676493066
120018133,1.8347086902012646
120018139,1.3385590265729492
120018140,1.9041893057636539
120018146,1.5769238906026837
120018211,1.7713646914473686
120018212,1.9546452665470722
120018459,2.01548011804523
120019294,2.626356593311372
120019371,2.6244551698429657
120019513,2.259663710685422
120019636,1.5828289145875778
120019638,2.2341793586625536
120019704,1.2801766991260142
120019712,1.756295720523478
120019749,1.6866632023115868
120019849,1.889347656898294
120019850,2.090644636884863
120019854,1.9348735603189693
120020199,1.6250981021277844
120020204,1.7456223875637626
120020206,1.6000224912986891
120020208,1.3795321061119634
120020210,1.4687428411869556
120020211,1.415774101677117
120020218,1.8365589033089489
120020226,2.185288121816807
120020240,1.6599583581034203
120020242,1.831821303660558
120020334,1.9327222176276573
120020343,1.3437134787225276
120020354,1.5538635826136211
120020367,1.5847748542418312
120020373,1.9693489850896435
120020387,2.325005765754493
120020800,2.267775558496684
120020805,1.9629099492056203
120020844,1.5723894419460545
121622699,1.7909481360278277
121623043,1.5104732415643454
121623126,1.634833046382292
121839184,1.4295509212710298
121860894,2.2201523108394348
126212479,1.6266093178958327
137059882,1.8833725345002064
139268769,1.417550422398212
139269431,2.3234139775750187
141288680,1.934076692469264
143249192,2.15204517005586
143249413,2.0820978571965005
143249470,3.0975486228420843
143249640,2.5320831124091643
143249864,1.9389860696981394
143396594,3.225319070982708
143398250,2.033648081685292
143416561,2.278383687678914
143418891,2.8218418297158077
151949699,1.7478187613275533
152335372,2.136127724660317
155442829,2.699242181528896
155445200,4.107265580027063
155635994,2.305924241767913
166867866,2.7340208372150263
167256799,1.6439403155289214
167256807,1.6666737462762065
32672122,1.5615278279969018
34119718,1.7206513730593807
34124239,1.4382488776578135
34126002,1.689100187213466
34127708,1.6569235457358669
34129366,1.7058996556813255
34129544,2.1575227046565733
34130489,4.213257277626231
34130604,1.6671012681294324
34131191,1.8352254041893858
34131278,1.806366471607169
34131807,1.5718381476652936
37648633,1.4364926547868928
45337711,3.549703881380073
45385910,1.2453016059995392
45722930,2.126980354130053
45728298,1.6575874362815184
45730390,2.1735486100469243
47726570,2.293808181202933
69886156,1.755259220819388
69886228,3.02922559940862
69886510,3.1784276655929258
70332223,2.1633556092124353
70334209,1.9139214316941762
70334219,2.257526127982647
74924599,2.4310198460638417
75474779,1.905543499383736
75653667,3.4868352674415224
75654673,1.6153176863562064
80005045,2.1955762491761357
81002103,1.6657002772534824
86274695,1.6552672921980434
86274749,1.4613366806075805
86274823,1.4404555101605574
86275133,1.3337319634857296
86275195,1.682607145966517
91593827,1.6189629430825825
91594687,1.9236864534913451
91594827,1.9823894622699352
91594833,1.7950210061487923
91595845,2.245407676304334
91597877,1.741818884042359
91683191,1.6977880954952427
91684663,3.0435716200864005
91684979,1.850211389459077
91685475,2.1198920093696505
91687083,1.6983148030445328
91687843,1.4393142649056185
91688409,2.154071821912546
91688455,2.359899972773118
91688775,1.5678117520546044
91690129,1.6431376640088964
91690341,1.8913478184296872
91691877,2.123417828470161
91692521,2.3847898265905303
