0E445706-1F3E-47FA-8A83-D38E2C953307,3.362709837565266
105954753,2.8140415721737786
120017988,5.654686234330684
120018006,12.300909789843235
120018022,9.568295104872295
120018032,3.3634044938808354
120018049,6.820588740006104
120018059,7.717090440945775
120018071,8.779472002465253
120018074,8.437928016799674
120018081,6.992984533232355
120018084,8.241603131506501
120018089,9.06798652730301
120018090,9.940448173228582
120018094,7.148495518594235
120018097,8.184038184893355
120018100,5.976112395035848
120018102,5.451848288159413
120018107,9.488631227300628
120018108,10.430737871581504
120018114,4.6286180444859
120018124,8.273760934768887
120018126,8.044666385521358
120018129,6.932331666525174
120018132,7.036368946497177
120018133,5.280660244608544
120018139,5.670019875669278
120018140,5.837777803383572
120018146,2.388204767779943
120018211,4.1728068725741485
120018212,9.793259662728326
120018379,8.256801063434619
120018459,7.151053550327334
120019294,3.1102830748067674
120019371,2.8863963338432677
120019513,2.616762294933269
120019636,4.709624166113402
120019638,4.639021561844758
120019704,5.890415709113854
120019712,5.596397087624654
120019749,3.5986067914325304
120019849,7.952078329229691
120019850,7.187283542649055
120019854,4.281326368932704
120020199,6.688145032866906
120020204,7.117501395753397
120020206,2.422024453239542
120020208,6.644463660106734
120020210,9.233497353293927
120020211,7.626296230903036
120020218,9.535459438671301
120020226,11.986659807698716
120020240,5.912251915869649
120020242,6.626242651063617
120020334,5.46177706013897
120020343,4.825094440908999
120020354,3.1331237343028935
120020367,8.711794376006601
120020373,6.607531896320496
120020387,9.393290558768216
120020800,6.611155444083972
120020805,6.7201837831033675
120020844,7.516511356255218
121622699,4.000559312272412
121623043,4.08520533856177
121623126,5.428599673383393
121839184,2.676380984949862
121860894,6.977946254200599
126212479,8.93149979108641
137059882,10.008543250495052
139268769,5.501876774302009
139269431,5.300361771093925
141288680,6.383205579871022
143249192,5.510182421915001
143249413,6.343584022604189
143249470,3.28035879787259
143249640,3.4166894328668964
143249864,5.532351772798433
143396594,13.884272908454857
143398250,12.104401089680888
143416561,2.9642213597045304
143418891,3.7032966663506697
151949699,6.886261997965225
152335372,4.8451749632719885
155442829,6.788048766833038
155445200,4.840305918808907
155635994,5.2059725869046725
166867866,4.233797062051961
167256799,5.655861120833494
167256807,6.654931013081133
32672122,7.122114215809495
34119718,12.493191930518067
34124239,9.823000126657677
34126002,8.554626157394933
34127708,6.973442345519421
34129366,10.834822000350087
34129544,6.908621279262391
34130489,13.381210478405444
34130604,7.297506185145692
34131191,8.885507409758969
34131278,6.667729242144434
34131807,6.160999205016211
37648633,4.997673333311711
45337711,11.687089082497268
45385910,4.3770455767477126
45722930,6.49605012326733
45728298,6.457705136049812
45730390,4.063321897385861
47726570,7.348611690790316
69886156,8.437077847350523
69886228,5.028037552517194
69886510,5.173000054842202
70332223,9.245093322382552
70334209,5.1878074462545944
70334219,9.326724236419668
74924599,5.4817156878478945
75474779,8.612672910137176
75653667,8.327539896094544
75654673,2.126173508936639
80005045,5.224301777923757
81002103,5.5260711324295455
86274695,4.982888555505426
86274749,11.513282467834953
86274823,6.977874517944767
86275133,4.310772754104706
86275195,5.361421839378984
91593827,8.493822504257096
91594687,11.706265051015537
91594827,10.763215812192296
91594833,5.783289092138467
91595845,8.87063419691699
91597877,7.2339733337866186
91683191,12.432646247870641
91684663,5.878332494447826
91684979,6.001967418932636
91685475,7.8703131237873345
91687083,13.120698321704818
91687843,10.90056594938415
91688409,8.809218407116111
91688455,5.906829709989722
91688775,7.314651315668668
91690129,9.679511656801926
91690341,10.562964190508978
91691877,5.819345196752941
