0E445706-1F3E-47FA-8A83-D38E2C953307,2.567799760161265
105954753,2.2720204048570243
120017988,2.198705189922007
120018006,2.8729044914308224
120018022,2.834963385822752
120018032,2.3396293362724583
120018049,2.3556750721567186
120018059,2.597846528328793
120018071,2.251493529957402
120018074,2.3468358193170245
120018081,2.498946022587441
120018084,2.1660387532674816
120018089,2.409169105341358
120018090,2.0959570510738326
120018094,2.2316559066852117
120018097,2.283059103170633
120018100,2.2828379828296166
120018102,2.26621685134167
120018107,2.3830020269090486
120018108,2.328026879585725
120018114,2.307657876103241
120018124,2.621140308780963
120018126,2.4633376132725964
120018129,2.3635078439567536
120018132,2.5306506475959765
120018133,2.410735184606243
120018139,2.1978867857461806
120018140,2.4779844004261404
120018146,2.344099570554752
120018211,2.373954947042605
120018212,2.7585855369632024
120018379,2.066998547291146
120018459,2.255949529029941
120019294,2.3998339115698144
120019371,2.467099081017676
120019513,2.287812169644937
120019636,2.4784131179888873
120019638,2.3831843393273235
120019704,2.0606574190056386
120019712,2.5981957676543552
120019749,2.392363081889006
120019849,2.4440557959515274
120019850,2.498168428665226
120019854,2.6325944349747066
120020199,2.381130952554663
120020204,2.4017852097488896
120020206,2.3223234421096586
120020208,2.419701908697114
120020210,2.2810880783280916
120020211,2.2891451746770124
120020218,2.5787879580314974
120020226,3.0244463411356675
120020240,2.492821460773851
120020242,2.5224656826700342
120020334,2.709198315089228
120020343,2.379615112979394
120020354,2.5438545410159525
120020367,2.5120317587404433
120020373,2.949822991899912
120020387,2.3744078780327422
120020800,2.46628787965539
120020805,2.7600020242032213
120020844,2.6097945322778444
121622699,2.4739922481201826
121623043,2.329586812337587
121623126,2.6880818043386965
121839184,2.345755102496871
121860894,2.2930120854610516
137059882,2.3411957659731852
139268769,2.143953815620941
139269431,2.655194083739663
141288680,2.5677252666814803
143249192,2.3523343558413625
143249413,2.4901314440404243
143249470,2.54506694686798
143249640,2.5563795233480375
143249864,2.7613326428489224
143396594,3.4150790983231016
143398250,2.2707940468053662
143416561,2.102043570843591
143418891,2.363332122680033
151949699,2.6937497141517297
152335372,2.27424577254588
155442829,3.6561150323304803
155445200,2.9392040424529604
155635994,2.7180892984856992
166867866,2.4649386170755276
167256799,2.2853801707502868
167256807,2.1516826196750185
32672122,2.700209810249623
34119718,2.1500204767825144
34124239,2.469757624272839
34126002,2.115717023035461
34127708,2.496244104030407
34129366,2.2986997484373908
34129544,2.313030217663588
34130489,5.328173885514236
34130604,2.3798276447247573
34131191,2.68742790245485
34131278,2.428045553528185
34131807,2.5542176087628223
37648633,2.358982829627169
45337711,4.070431585567723
45385910,2.1674050542961836
45722930,2.83151493464572
45728298,2.260436027385947
45730390,2.5480674403789894
47726570,2.608609863938127
69886156,2.420372139024022
69886228,2.6248710833513735
69886510,3.106817470891993
70332223,3.1011912711797875
70334209,2.6920890189473554
70334219,2.8181322267212274
74924599,2.891713155021386
75474779,2.638323012656144
75653667,3.575525622658504
75654673,2.2842010895967166
80005045,2.6186768634237554
81002103,2.6542180814055034
86274695,2.152845282497748
86274749,1.8988860022663583
86274823,2.278437589860986
86275133,2.185357539241234
86275195,2.191519195387279
91593827,2.441707789021183
91594687,2.6113627006144045
91594827,2.7146371742172697
91594833,2.3646915843523137
91595845,2.7086989526111425
91597877,2.460692546842996
91683191,2.2928061368947126
91684663,3.418076942995572
91684979,2.3959661916482595
91685475,2.6626781394012236
91687083,2.282165113047871
91687843,2.385688261829348
91688409,2.9169380270470255
91688455,2.987828575879671
91688775,2.4457363099448712
91690129,2.7231840075040177
91690341,2.7351843915484735
91691877,2.529593205939858
91692521,2.8929425874885566
