0E445706-1F3E-47FA-8A83-D38E2C953307,3.5001811627513972
105954753,2.2453784849542004
120017988,2.0521422887436382
120018006,2.737096669469071
120018022,2.763067321837326
120018032,2.165322061129597
120018049,2.6982527020928346
120018059,2.5876443198990495
120018071,2.4418187555301687
120018074,2.606346085246772
120018081,2.6171772408790552
120018084,2.307555690912609
120018089,2.7787768153213572
120018090,2.0704402423648367
120018094,2.6247454597065025
120018097,2.3948883073285585
120018100,2.537323873584202
120018102,2.234387503405782
120018107,2.7648492812298957
120018108,2.3246731243533754
120018114,2.5445557421458744
120018124,2.6720132541090003
120018126,2.7275221578058235
120018129,2.115400103797426
120018132,2.886408140404755
120018133,2.8843363018159165
120018139,2.158799800212536
120018140,2.4066587563674826
120018146,2.4633126358148285
120018211,2.483111298851595
120018212,2.310936622411904
120018379,2.0871659143228793
120018459,2.139184991135508
120019294,2.5577544843912
120019371,2.5720593430598946
120019513,2.374271003513476
120019636,2.16781976025423
120019638,2.6004382529010317
120019704,1.8053086128913631
120019712,2.763397053341897
120019749,2.127237422754937
120019849,2.2693722141518022
120019850,2.058216288140901
120019854,2.2928955162046907
120020199,2.754704341735585
120020204,2.7586556533721436
120020206,2.1734123854048857
120020208,2.446396558037907
120020210,1.9062751114389112
120020211,2.262730233546158
120020218,2.645178427592862
120020226,2.625446769031055
120020240,2.5803379141352267
120020242,2.9215765275162164
120020334,3.355328361869433
120020343,2.251161950956894
120020354,2.153726787951698
120020367,2.2599014741618153
120020373,2.842477042144836
120020387,2.6882909844331175
120020800,2.2541435286282647
120020805,3.10550281993308
120020844,3.1558202931036243
121622699,3.0462228105287292
121623043,2.594454537594068
121623126,2.69071599125789
121839184,2.305819235261286
121860894,2.7668195670156113
126212479,1.5650316230852928
137059882,2.351726661177003
139268769,2.0585518983628157
139269431,2.8309413388591715
141288680,2.956518573451774
143249192,2.545645644115591
143249413,2.638639099242271
143249470,3.255748230480717
143249640,3.181350564066264
143249864,3.668344666392271
143396594,1.0090951303558975
143416561,1.3164823125032434
143418891,2.205324935053858
151949699,3.043480807159058
152335372,2.863904204996895
155442829,2.6233747562907483
155445200,4.370929106530806
155635994,2.731822909604397
166867866,2.6970657135153093
167256799,2.16024850299424
167256807,2.1642781973655425
32672122,2.5331218860353784
34119718,2.363727746246891
34124239,2.7241064135298756
34126002,2.005350545936012
34127708,2.709434130016093
34129366,2.1948510213049164
34129544,2.3918866171391184
34130489,2.6756496894119217
34130604,2.6486509812753534
34131191,2.7863100911481578
34131278,2.653319315468037
34131807,2.3160411661752116
37648633,2.444302085661426
45337711,3.042749695166041
45385910,2.1778815934101
45722930,2.9692567825109024
45728298,2.199666310751418
45730390,3.096384228745914
47726570,2.86858110334732
69886156,2.4951337602402988
69886228,3.2473002880051074
69886510,4.464031199825067
70332223,2.4707237259588473
70334209,2.8103528607909993
70334219,2.9085204898615835
74924599,3.09924681986135
75474779,2.576020952629325
75653667,2.3860656410548238
75654673,2.443052989708529
80005045,3.3097525369365313
81002103,2.614083098423813
86274695,2.239783683524756
86274749,1.9775194939001375
86274823,1.9737681752824188
86275133,2.0142900756978865
86275195,2.185104096461737
91593827,2.416253598817029
91594687,2.161253456288115
91594827,2.4053343577747186
91594833,2.7399030246248888
91595845,3.525281098865686
91597877,2.579868096361283
91683191,1.8556282364956647
91684663,4.0317165737076905
91684979,2.767408114126483
91685475,2.8709335942407184
91687083,2.8290649540469333
91687843,2.593411516537587
91688409,3.213589768490509
91688455,3.5281687932041828
91688775,2.678319886937303
91690129,2.9278544175128487
91690341,3.17325255460575
91691877,2.753477830244926
91692521,3.1374396303641627
