0E445706-1F3E-47FA-8A83-D38E2C953307,3.57451864663189
105954753,3.0789833063941527
120017988,1.8724301838109383
120018006,2.1459305104473274
120018022,1.9608220568531272
120018032,2.114561589421753
120018049,2.261995096274105
120018059,1.8309261484021488
120018071,1.8610539439329212
120018074,1.8774543046815093
120018081,2.1347831656184053
120018084,1.9388976575266539
120018089,1.94210885947365
120018090,1.7091463183296391
120018094,1.6970505767185309
120018097,1.8060533547395718
120018100,2.714771275764673
120018102,1.9505302456008746
120018107,1.9027866820146175
120018108,1.807184382259207
120018114,2.6183041099700426
120018124,2.3005451687125738
120018126,1.9276689810059113
120018129,1.9192951320829519
120018132,2.305629313391866
120018133,2.5153174068808917
120018139,2.021425838336081
120018140,2.3387093075995504
120018146,2.2896875162217927
120018211,2.529110621777556
120018212,2.404399566459373
120018379,1.9329801175361814
120018459,1.9685459740291713
120019294,3.9824886912466555
120019371,3.2766603605050837
120019513,3.606355610936026
120019636,2.166264684230049
120019638,3.115447670338457
120019704,2.1877392177194803
120019712,2.1404387935062585
120019749,2.1946248441843466
120019849,2.8689641526985854
120019850,2.4954417184410214
120019854,3.3031258520892233
120020199,1.9746901950579154
120020204,2.154006820512881
120020206,2.5175590648007447
120020208,1.6920069229284127
120020210,1.6600014332779207
120020211,1.9392726974059595
120020218,1.8705304501608297
120020226,2.123382401928638
120020240,2.2651395645889623
120020242,1.87366668015953
120020334,2.020997647250527
120020343,1.8904241732339817
120020354,1.8198860179195733
120020367,1.5437938845383132
120020373,2.529885609211266
120020387,1.9498339155943583
120020800,2.5695860624236087
120020805,2.067493399381452
120020844,1.7125281871526554
121622699,2.301276488757327
121623043,2.0941924610679212
121623126,1.8735536770215755
121839184,2.262554109300553
121860894,2.1173305357068646
126212479,2.430830679496017
137059882,1.8335959705818419
139268769,1.950929210046413
139269431,2.6846786770939652
141288680,2.19785916696623
143249192,2.3937302301990564
143249413,2.5194958468135793
143249470,3.5871729048354326
143249640,2.760152917807046
143249864,2.026644428873518
143396594,2.692442939995293
143398250,2.697813839740976
143416561,2.8977193076361476
143418891,3.9656001876146045
151949699,1.985989674350436
152335372,2.2977961988497846
155442829,3.53146658260259
155445200,4.5646651584233116
155635994,2.2978128256974157
166867866,2.6048245721094485
167256799,2.056615066719901
167256807,2.278186026695538
32672122,2.1601872485383184
34119718,1.6902868972649265
34124239,1.8557085868341876
34126002,1.9235918485389425
34127708,1.9826421817812117
34129366,1.9629644804023536
34129544,2.444590213737577
34130489,2.9237048170348214
34130604,2.106002782050621
34131191,1.8221215554156498
34131278,2.1577502491612193
34131807,2.3612633454707783
37648633,1.9317654254279364
45337711,2.785607808296712
45385910,1.980596804365463
45722930,2.397025813936462
45728298,2.150600812584032
45730390,3.1705095129429037
47726570,2.5118789346588506
69886156,1.9713284537919686
69886228,3.403131220860068
69886510,2.5472610835812155
70332223,2.5401510115533035
70334209,2.043487179505599
70334219,2.415034831782734
74924599,3.916668485246803
75474779,2.039117260282479
75653667,2.137020301811441
75654673,2.2561899096102924
80005045,2.9999703142567005
81002103,2.426712616719505
86274695,2.6575717700279315
86274749,1.970885540910643
86274823,2.221681098692522
86275133,2.092442533437159
86275195,2.200962173517538
91593827,1.949050096954859
91594687,2.067077666046085
91594827,1.934040864382387
91594833,2.259526288936835
91595845,2.219497544236927
91597877,2.0391714586432377
91683191,1.7309679596616823
91684663,2.3640470149742363
91684979,2.2080986314601647
91685475,1.9238442076217588
91687843,1.5417345019438558
91688409,1.840573191742218
91688455,2.509008869175063
91688775,1.9997789517260336
91690129,1.763727393630302
91690341,1.8260327946950847
91691877,2.825678658396269
91692521,2.3041805540898057
