0E445706-1F3E-47FA-8A83-D38E2C953307,7.634718616702573
105954753,7.65455032833679
120017988,6.017732630484206
120018006,4.480982071184238
120018022,3.3011689373253916
120018032,7.335437460347618
120018049,3.3812338258647405
120018059,3.589089779313086
120018071,2.3334931392069764
120018074,2.249767615891905
120018081,3.1293116531035112
120018084,2.0638199752063926
120018089,2.4020603946062926
120018090,3.997757489673207
120018094,5.103650139969932
120018097,2.433666565947933
120018100,4.577419867674128
120018102,4.015442717673914
120018107,2.658672293314035
120018108,3.1438618016839546
120018114,5.401243192162097
120018124,3.0673591722420106
120018126,2.5004391580343452
120018129,5.075793263217092
120018132,2.8081309104580408
120018133,4.699375052469966
120018139,4.192655235240563
120018140,4.414637335666384
120018146,8.382847724818996
120018211,5.84905616343769
120018212,3.1555324554454156
120018379,7.037630019275601
120018459,4.925744757526859
120019294,8.106664409883377
120019371,7.53583367161849
120019513,8.311562219260974
120019636,5.586507733488517
120019638,6.578199443721852
120019704,7.908254269793944
120019712,5.157324861172605
120019749,7.568988238646394
120019849,3.380511943071389
120019850,3.9962513590326068
120019854,5.634056572080728
120020199,3.472704921425896
120020204,2.6841345207132052
120020206,8.1507335771654
120020208,4.959128349609805
120020210,3.0520963907105063
120020211,4.2032069580395
120020218,2.5106529525372334
120020226,4.645679004102052
120020240,5.536444484648746
120020242,4.2213299209996595
120020334,4.878985981289239
120020343,6.123697477254668
120020354,6.795053355378483
120020367,3.8264132592059554
120020373,5.281358401169307
120020387,3.0149866505647305
120020800,5.6463014451676266
120020805,3.904944051243677
120020844,6.641380374500131
121622699,5.955775217985103
121623043,6.040290761646106
121623126,5.249049737039661
121839184,8.595814984276107
121860894,5.193684378924127
126212479,5.531031479348764
137059882,3.6796263856111513
139268769,5.0687313645966405
139269431,6.202929109379816
141288680,4.437654488585198
143249192,5.411029535781187
143249413,4.560878229944102
143249470,7.733718039516244
143249640,7.359385032317961
143249864,5.238822028207588
143396594,6.809442102392291
143398250,4.669766914029518
143416561,8.020508063489649
143418891,7.59842903636316
151949699,7.492165658503442
152335372,5.994280615445357
155442829,5.6581915014797275
155445200,7.519429015546086
155635994,5.969804409430385
166867866,6.453434095607972
167256799,4.8734857471188775
167256807,5.707571100302123
32672122,3.386497245990349
34119718,4.5617833686149405
34124239,4.7312006280871035
34126002,4.2262919813418565
34127708,2.8839438137286026
34129366,3.0604221030554406
34129544,3.81954499025201
34130489,5.971902496479014
34130604,2.5593074285995536
34131191,7.78997819269718
34131278,3.174590285953733
34131807,4.6847003513592025
37648633,4.913231727447906
45337711,4.733347200389933
45385910,7.700367169842105
45722930,4.000053905251246
45728298,5.07958718338674
45730390,6.235141972607481
47726570,3.2039599745547367
69886156,3.1981499692015585
69886228,6.4510479842288575
69886510,6.939754660849985
70332223,5.549332995473684
70334209,6.6463468257548275
70334219,5.665192190762236
74924599,5.333919078629205
75474779,3.7566371691267246
75653667,3.6353933884946796
75654673,8.701428889352755
80005045,5.159350509293805
81002103,5.073829390643625
86274695,5.5191869332622465
86274749,4.676877161205656
86274823,4.899015220477342
86275133,7.8474945969259196
86275195,5.443306715625495
91593827,3.148012746630713
91594687,4.045380642063652
91594827,3.009818609298993
91594833,3.999032091414869
91597877,3.0863035600118374
91683191,4.444393376059697
91684663,5.6282481268291775
91684979,3.4969689609470866
91685475,2.97969797469911
91687083,4.6205272964083255
91687843,3.2997963906018906
91688409,2.313220756484605
91688455,4.64281653498933
91688775,6.255697810467192
91690129,4.711669598574962
91690341,2.68521458145726
91691877,5.9172325558784085
91692521,8.7803237581793
