0E445706-1F3E-47FA-8A83-D38E2C953307,3.463002463435734
105954753,3.0632487139827878
120017988,3.1377005203581834
120018006,2.9204185957812667
120018022,2.1036622993229908
120018032,3.251180742432854
120018049,2.9824594308015144
120018059,3.0834740352197185
120018071,1.9557106104531523
120018074,2.1699472275059764
120018081,2.9475836067910315
120018084,2.4410143937989193
120018089,2.710435134580191
120018090,2.2481137402925753
120018094,2.73129231929073
120018097,2.1315545534965157
120018100,3.1898010692592047
120018102,2.275379299596464
120018107,1.9358514102195201
120018108,2.062499588472828
120018114,3.1890637821382586
120018124,3.2257671537297767
120018126,2.2199755780652524
120018129,3.2684471457472553
120018132,2.802849252178463
120018133,3.476386136931625
120018139,2.622413530675629
120018140,3.191487808498808
120018146,3.349451025127136
120018211,3.3860771982541484
120018212,2.6491545273856296
120018379,3.2027320518815725
120018459,3.1669836302685064
120019294,3.4963830254573316
120019371,3.2202950626429865
120019513,3.3242506266141723
120019636,3.1629914505975902
120019638,3.4389702520642156
120019704,3.1982063425618037
120019712,3.178251535056649
120019749,3.171497465855145
120019849,2.4337485218391772
120019850,2.5467000651124363
120019854,3.28945609284211
120020199,3.029094738261257
120020204,2.780378827450825
120020206,3.2485100850252646
120020208,2.2409720458404028
120020210,2.160940260672105
120020211,2.799188062773022
120020218,1.9417760870423535
120020226,2.610215002672523
120020240,3.3346726244460974
120020242,3.15496293719208
120020334,3.0921366067742406
120020343,3.274315186880254
120020354,3.237096413105932
120020367,1.9000279716202675
120020373,3.7603533569758736
120020387,2.6870531380993103
120020800,3.126226100090555
120020805,3.0924965734684813
120020844,3.2404762745617455
121622699,3.6574459933236168
121623043,3.3421763427794358
121623126,3.258540210290306
121839184,3.484477949880297
121860894,3.353873077229075
126212479,2.912497410042336
137059882,2.6437116980723276
139268769,2.908542237005699
139269431,3.7456442356616217
141288680,3.1779474456750116
143249192,3.606479196937498
143249413,3.3709047888665467
143249470,3.491080976403831
143249640,3.5127578814944695
143249864,3.5158574183369207
143396594,4.177965029138673
143398250,2.965588253242014
143416561,3.0185049203747574
143418891,3.454759119069587
151949699,3.511161936782966
152335372,3.399265228796548
155442829,3.3655811373196443
155445200,3.896582253897564
155635994,3.6106860803341387
166867866,3.2655658074452627
167256799,2.8049688080295367
167256807,2.556420794544583
32672122,2.668679319549395
34119718,2.6788249680102907
34124239,2.9898526326014436
34126002,2.7995227833772267
34127708,2.610611166088973
34129544,3.019673457234468
34130489,4.308493038346619
34130604,2.935047824407512
34131191,3.1836184770443277
34131278,2.1746212420046858
34131807,2.889505714213899
37648633,3.262448445200569
45337711,4.883760259746795
45385910,3.207551906007362
45722930,3.3331073953530166
45728298,3.0356268197965885
45730390,3.314869181572765
47726570,3.120150250723226
69886156,3.0674826634766705
69886228,3.435080834568286
69886510,3.5429841497258137
70332223,3.5974403269186297
70334209,3.769692362866253
70334219,2.9270652358159843
74924599,3.4238111629051398
75474779,2.5379768911322036
75653667,2.2581351435195223
75654673,3.4535709400229617
80005045,3.3061570169643586
81002103,3.113148044759863
86274695,3.174990215392667
86274749,3.004008694879319
86274823,3.1929014794578627
86275133,3.2109416887568796
86275195,3.198742285075852
91593827,1.8799445373294668
91594687,2.537229161375353
91594827,2.400416187258231
91594833,3.136687292590905
91595845,2.621408290811095
91597877,2.688798546552923
91683191,2.325384915255813
91684663,3.19121701900399
91684979,2.81206059010396
91685475,1.8979297061656153
91687083,2.6976026013001246
91687843,2.3297318045447084
91688409,2.8785686872152207
91688455,3.6834210757309456
91688775,3.3088901029505005
91690129,2.664999422516037
91690341,2.111039867700493
91691877,3.2696313143128757
91692521,3.490353557452766
