0E445706-1F3E-47FA-8A83-D38E2C953307,8.222291362225441
105954753,8.04052928255266
120017988,6.3507182099160655
120018006,3.2730581060628925
120018022,3.3034521953137492
120018032,7.902304708382001
120018049,4.23548767801936
120018059,5.403300893252829
120018071,1.624162704302173
120018074,1.8498630964762102
120018081,4.357463256456373
120018084,2.8280027833026122
120018089,2.7597087643444373
120018090,4.426017457973778
120018094,5.6025526187333785
120018097,2.6558106407962416
120018100,5.414447064143815
120018102,4.868604594222378
120018107,1.6177608310824652
120018108,2.5675794152752744
120018114,6.65497160672205
120018124,3.5709884164123413
120018126,2.7698874017551622
120018129,6.0218447196243305
120018132,3.3542191870588653
120018133,5.736539777680452
120018139,4.961697089208148
120018140,5.4557371536432075
120018146,8.674079774493418
120018211,6.637894875746258
120018212,2.3763393174119236
120018379,7.6262950900006405
120018459,5.819207255904364
120019294,8.532327336952658
120019371,8.17115692455522
120019513,8.644771200962994
120019636,7.223474265885107
120019638,7.469573601174829
120019704,8.30699238023485
120019712,5.547715166745445
120019749,8.324227591207249
120019849,2.8522897467755124
120019850,4.220413184792976
120019854,6.587872591196087
120020199,4.421687427939118
120020204,3.3467513895043037
120020206,8.44010581869885
120020208,5.331009741957279
120020210,2.640647036906037
120020211,5.224844257772448
120020226,3.0195363166857665
120020240,6.056094350713708
120020242,5.038082624643793
120020334,5.811458236105472
120020343,6.84357697665754
120020354,7.88005976909189
120020367,4.065369745262749
120020373,6.451947587836678
120020387,3.161492527814132
120020800,6.273039632666091
120020805,4.269694545613989
120020844,7.181421974725101
121622699,7.745366515882627
121623043,6.75891555134367
121623126,5.7204567381065345
121839184,9.062038399077116
121860894,5.013810100382896
126212479,5.734137024877177
137059882,3.430932637827665
139268769,5.891293127526882
139269431,7.350851365613757
141288680,5.0902228404363585
143249192,6.379402588151456
143249413,5.692629434057942
143249470,8.549931690877504
143249640,8.20117555715102
143249864,6.127177190182105
143396594,5.293829183697223
143398250,4.073939563399833
143416561,8.20020232843864
143418891,8.060178896035366
151949699,8.354915687870035
152335372,6.799788858933765
155442829,6.336757238027623
155445200,7.946954245601068
155635994,6.624620215577006
166867866,7.3744383846830885
167256799,5.7152941727227535
167256807,4.848530869575084
32672122,3.9864663309753725
34119718,3.7447977653940554
34124239,5.380676236198712
34126002,4.759911601515449
34127708,2.8474518773878716
34129366,2.6503534894767866
34129544,4.9363063729958405
34130489,4.774671149069285
34130604,3.525136917095382
34131191,7.445372194627955
34131278,3.6079996821612905
34131807,5.578925113115823
37648633,5.560606475654412
45337711,3.6255163843499605
45385910,8.17805105079871
45722930,5.082313297692217
45728298,5.383159799743421
45730390,6.762706483450059
47726570,3.7361963204635997
69886156,3.891883924140112
69886228,7.689528463198698
69886510,7.339716689639095
70332223,6.472345829370066
70334209,7.568279222353667
70334219,5.848550813467042
74924599,5.8381602911962975
75474779,4.639434042872267
75653667,2.18247208411737
75654673,9.122656233775242
80005045,5.67377820209006
81002103,5.768619725750243
86274695,6.802472184368527
86274749,4.631000017717605
86274823,5.649448400612953
86275133,8.419556828242596
86275195,6.131391703421531
91593827,3.0773455412661015
91594687,3.2275294632382403
91594827,2.7071027432994432
91594833,4.898280075744329
91595845,2.39402655850493
91597877,3.9389846239396586
91683191,3.0896987886916
91684663,5.441616221813882
91684979,3.964222001983209
91685475,2.074121017955902
91687083,3.678317611775484
91687843,3.2283063021076703
91688409,2.4552600962078164
91688455,6.453384790528773
91688775,7.434303839989721
91690129,5.117413201702213
91690341,2.5766365115498995
91691877,6.645188810527256
91692521,9.091193555511655
