0E445706-1F3E-47FA-8A83-D38E2C953307,6.182349074576824
105954753,6.385527445277934
120017988,4.08878262384636
120018006,5.694240268026933
120018022,3.188663470768948
120018032,5.853238290333008
120018049,1.8075633757438365
120018059,2.6932607516851683
120018071,2.9015682046890627
120018074,2.6445661167660623
120018081,1.673346952794788
120018084,1.9632919876680048
120018089,1.8984202199726241
120018090,3.1182297399099332
120018094,3.3680655592324253
120018097,2.0202242439577502
120018100,2.733956405011083
120018102,2.958803339979381
120018107,3.549939332992938
120018108,3.7171669991931466
120018114,4.2370159303880754
120018124,1.9320401704515835
120018126,1.9732830914870747
120018129,3.170747565856682
120018132,1.7666817197901978
120018133,3.144875656536209
120018139,2.848934980711238
120018140,2.873895185432722
120018146,6.784872740030658
120018211,4.268744017381259
120018212,3.668742445690677
120018379,5.086084417137694
120018459,3.3631377434188057
120019294,6.791846193429318
120019371,6.2623197526172465
120019513,6.98829235186635
120019636,4.291927915727726
120019638,4.837408585127444
120019704,6.0400452835377845
120019712,3.4734989175923987
120019749,6.210560624360529
120019849,2.2984317879274285
120019850,2.479167018020223
120019854,4.570996446824013
120020199,1.8975846494532809
120020206,6.867532190034492
120020208,3.6650966307111563
120020210,2.6958456690178387
120020211,2.839243828458932
120020218,3.668780987000206
120020226,5.670584070246768
120020240,3.732381457559869
120020242,2.590953566843392
120020334,3.526320513035616
120020343,4.370055448858804
120020354,5.629747190861125
120020367,2.8386473053050554
120020373,3.6953930128348014
120020387,3.557711964570183
120020800,4.078573735454149
120020805,1.9682693628681842
120020844,4.672408230734223
121622699,4.580075244709289
121623043,4.19437689192756
121623126,3.228768354821292
121839184,7.169714539525938
121860894,2.9672835530713733
126212479,4.231326375577094
137059882,3.5177752528252206
139268769,3.318997908783672
139269431,4.328770454444156
141288680,2.7068462457324185
143249192,3.5221470996820208
143249413,2.787582121803618
143249470,6.136728407426341
143249640,5.63353008045839
143249864,3.4869317159607287
143396594,8.51664100710814
143398250,5.5597365165641195
143416561,6.5705997882138325
143418891,6.117093144073982
151949699,5.661043204411036
152335372,4.118941214633377
155442829,4.026555082732249
155445200,5.730366733934721
155635994,3.917100964704389
166867866,4.746362192801665
167256799,2.763886023778152
167256807,2.7756088348886707
32672122,1.973509451339268
34119718,5.90200000552428
34124239,3.904052950007516
34126002,2.832098884434011
34127708,1.8122660536965107
34129366,3.9049173846412346
34129544,2.4680502304440077
34130489,7.693185134964316
34130604,1.4352279322048913
34131191,5.576910521783332
34131278,1.8385118836278678
34131807,3.119559777318971
37648633,3.0509962164318445
45337711,5.751769234778766
45385910,5.981881822323848
45722930,2.31117629855729
45728298,3.0963860258256264
45730390,4.595239128251499
47726570,1.9764452832606643
69886156,1.953957836198631
69886228,4.82964503810088
69886510,4.828825731396722
70332223,4.264821740923329
70334209,5.077641709097068
70334219,4.540843809863482
74924599,3.4455576583205465
75474779,2.81206342498442
75653667,3.36298462776461
75654673,7.360113257346117
80005045,3.2631327598530664
81002103,3.1556293224968264
86274695,4.04676670768023
86274749,4.884674761158442
86274823,3.215977403642137
86275133,6.240172323519357
86275195,3.4886006162218126
91593827,2.2421967972661427
91594687,5.621314895743911
91594827,4.16413091713764
91594833,2.325941344768549
91595845,2.9464662627891145
91597877,1.7974370524574934
91683191,6.028884257303657
91684663,3.6556035648257352
91684979,2.0364510804853997
91685475,2.8536654913582926
91687083,6.215933453251589
91687843,4.0476634024082685
91688409,2.3429768468566117
91688455,3.3440920375504186
91688775,4.404949603215351
91690129,3.5925379281916876
91690341,3.263683397944021
91691877,3.936757888968474
91692521,7.295114344462777
