0E445706-1F3E-47FA-8A83-D38E2C953307,2.1904508429208818
105954753,1.9892335327209512
120017988,2.76846779118644
120018006,10.557505266485855
120018022,7.021347985900732
120018049,5.280274981007443
120018059,4.7595927374227776
120018071,8.127066779448786
120018074,7.8888857869425
120018081,5.176886083638242
120018084,7.2646232640932045
120018089,6.78610989959855
120018090,5.541871650332547
120018094,3.563971493133554
120018097,6.724434451178118
120018100,4.065260455240846
120018102,4.755031112692137
120018107,9.208444961927116
120018108,8.27861223035404
120018114,2.300021759801086
120018124,6.372796611204008
120018126,6.957735663007583
120018129,3.4207744330012857
120018132,6.226295163900745
120018133,3.5504537818691544
120018139,3.8487169202755
120018140,3.8362454390981218
120018146,2.1829660624309812
120018211,2.4979708365224176
120018212,8.506004827166214
120018379,3.2494399347473126
120018459,3.9136540866340814
120019294,2.6406024591339667
120019371,2.0125191143166723
120019513,2.3315430608837233
120019636,2.28949345810008
120019638,2.1802905959155727
120019704,2.190371223391202
120019712,3.3869153411588258
120019749,1.681615266476324
120019849,6.828481344473703
120019850,6.4462650235757195
120019854,3.167853780528773
120020199,4.935787605361536
120020204,6.216785988947446
120020206,1.9004120768996546
120020208,3.7129741258761486
120020210,7.258413128865746
120020211,4.236233613838986
120020218,9.058459223116115
120020226,10.196244993598423
120020240,2.9334383325576776
120020242,4.124311886830283
120020334,3.0831064640423413
120020343,2.189954664440123
120020354,1.605838427159659
120020367,5.671192493717672
120020373,3.7968039869728756
120020387,8.330997094660606
120020800,3.6983531929191438
120020805,5.28669517822038
120020844,3.0239797967269
121622699,3.474614658139336
121623043,2.4381462532650384
121623126,3.3052860232109826
121839184,2.3249618632286606
121860894,4.875071441496146
126212479,5.771022137806129
137059882,7.506981094391202
139268769,3.188094746747247
139269431,2.7985123307866275
141288680,4.518698974296822
143249192,3.361121377539883
143249413,3.898257487645063
143249470,2.0593752814814374
143249640,1.7863037521084042
143249864,3.3449810410637726
143396594,13.751495286653618
143398250,9.84495779488521
143416561,2.152465052395936
143418891,2.932240284079555
151949699,2.5049162958626616
152335372,2.590351267310027
155442829,3.5763230234189067
155445200,3.2417601265856932
155635994,3.112313119328276
166867866,2.3530296369591532
167256799,3.852694848044504
167256807,5.066549245979503
32672122,5.412248038333027
34119718,10.414338034417582
34124239,5.800157309127343
34126002,5.523382943351809
34127708,6.468970222107775
34129366,8.262592596299974
34129544,4.640687167430142
34130489,12.528169419613892
34130604,6.067974261175665
34131191,5.7823735237004295
34131278,5.809493324607501
34131807,3.829213951333182
37648633,3.3248083164842606
45337711,10.82271501821477
45385910,1.940036588816694
45722930,4.870995529845607
45728298,4.238166573463463
45730390,2.962702918787043
47726570,6.204565391872358
69886156,5.741789708388824
69886228,2.5455910727453723
69886510,2.7751330990748246
70332223,4.647015508295276
70334209,2.2991435739326476
70334219,4.814664739575479
74924599,4.5688190347302005
75474779,5.569369102281762
75653667,7.409334914211431
75654673,2.2235065301895114
80005045,3.6192386006401565
81002103,3.757424764973865
86274695,2.804550887968005
86274749,8.351697047331246
86274823,3.468292532240037
86275133,1.8597746169047409
86275195,3.407474395192915
91593827,6.247035460985772
91594687,9.9513399980666
91594827,8.777475978856272
91594833,4.281942674284583
91595845,8.561569451695865
91597877,5.2040170492105515
91683191,11.157662984329948
91684663,4.148978283757188
91684979,4.775327515837963
91685475,7.687267347432328
91687083,10.149070991702173
91687843,8.222323398945077
91688409,7.347792798610425
91688455,3.9050480736593793
91688775,3.351489337772764
91690129,5.482290021667586
91690341,7.471697707476056
91691877,3.578965010403338
91692521,2.169114743065003
