0E445706-1F3E-47FA-8A83-D38E2C953307,1.6774862819901248
105954753,1.5379996056303926
120017988,4.943988000300238
120018006,12.904095019121772
120018022,9.638382713467143
120018032,2.164017364292043
120018049,6.327665124648865
120018059,6.8206576389314275
120018071,8.646836625011217
120018074,8.582847883872185
120018081,6.010587684366209
120018084,7.937898730853465
120018089,8.348248368299895
120018090,10.016619101031289
120018094,5.96358741858483
120018097,8.016512770568767
120018100,5.261796367860185
120018102,4.511771396880159
120018107,9.568426208920936
120018108,10.535086273080394
120018114,3.2370522771297034
120018124,7.580803055502356
120018126,7.875880914912079
120018129,6.329925421660985
120018132,6.841465424737651
120018133,4.569332314852372
120018139,4.192720258431291
120018140,4.857841119109475
120018146,2.4974423325132005
120018211,2.9331781047827357
120018212,9.664753132852965
120018379,7.964661741084302
120018459,6.890309687492678
120019294,1.8101137629519488
120019513,1.877274123318446
120019636,3.3501713955504306
120019638,2.9440410640220533
120019704,5.480332428265697
120019712,3.904948532257508
120019749,2.54386423971853
120019849,7.987422503237058
120019850,6.974806836103177
120019854,3.5691471166668243
120020199,6.088173163100973
120020204,6.518547167806494
120020206,2.246325143827689
120020208,6.08082763453692
120020210,9.096163661406404
120020211,7.424323625471183
120020218,9.663830365118402
120020226,12.428551907352432
120020240,4.400716017356076
120020242,5.570843357071485
120020334,3.9348889388392396
120020343,3.6805116853652695
120020354,2.4841424931789478
120020367,8.452602218578582
120020373,6.094079228318784
120020387,9.6569637289422
120020800,6.536684526209301
120020805,6.240888547352056
120020844,7.56239260457184
121622699,3.816650395408147
121623043,3.17742285057718
121623126,4.566174584936887
121839184,2.5816385131090813
121860894,6.799400087697641
126212479,8.879311784636606
137059882,10.177722655337947
139268769,4.847426766862491
139269431,4.681373152050018
141288680,5.87667946293779
143249192,4.795104450041446
143249413,5.484872372904958
143249470,1.6092606433849035
143249640,2.223131048101842
143249864,4.512694597805676
143396594,14.587802070239153
143398250,12.61720978621515
143416561,2.130267760053855
143418891,2.577549359462121
151949699,6.724213645309828
152335372,4.044143220677291
155442829,6.424498090401615
155445200,3.481564019030351
155635994,4.5898491252001685
166867866,3.388583522510252
167256799,4.819443506493379
167256807,6.552658087230289
32672122,6.4004249755122915
34119718,13.083051183051257
34124239,9.99194364770395
34126002,8.3135191584431
34127708,6.577282482500088
34129366,11.151082881312046
34129544,6.5246923987890275
34130489,14.322921831495773
34130604,6.950192223065525
34131191,8.984688043240562
34131278,6.062373367491438
34131807,5.22352101325435
37648633,4.276418243104799
45337711,11.83825131373443
45385910,3.652678111475195
45722930,6.112032518630935
45728298,6.096592655846826
45730390,3.6570124745934245
47726570,7.0063754715016
69886156,8.127804886985794
69886228,4.055219898887604
69886510,4.386136939218293
70332223,9.30804410344222
70334209,3.970130167033841
70334219,9.040258450412074
74924599,5.386827893340203
75474779,8.221063477167299
75653667,8.37463464402294
75654673,2.5371533832042172
80005045,3.9629352585501056
81002103,4.6374516696287404
86274695,4.349857505439537
86274749,11.714349200134368
86274823,6.498799945789767
86275133,3.6756338499897163
86275195,4.347444787811852
91593827,8.015375957610274
91594687,12.211965512751414
91594827,11.044164153972337
91594833,4.836186699993103
91595845,8.940736393281476
91597877,6.457326070347948
91683191,12.88430605622631
91684663,4.769770654399061
91684979,4.8200743127263435
91685475,7.527274354295616
91687083,13.873770029908624
91687843,11.15301552327191
91688409,8.795971774708747
91688455,5.251055950756452
91688775,6.834508513721638
91690129,9.911242841368656
91690341,10.58142409253527
91691877,5.311829865529975
91692521,2.2083556088293417
