0E445706-1F3E-47FA-8A83-D38E2C953307,6.50835426448259
105954753,6.265111125489318
120017988,5.803577135489398
120018006,3.805075389624658
120018022,2.4922920736517926
120018032,6.68345993353917
120018049,4.499077076511254
120018059,5.014819142117362
120018071,2.7474425482436198
120018074,2.765640429091536
120018081,4.422517928864315
120018084,3.6734895305121795
120018089,3.250595367221076
120018090,4.154027539023856
120018094,5.137539584800623
120018097,2.9718495739073414
120018100,5.568157307924721
120018102,4.313089410283253
120018107,2.4148384965227825
120018108,2.5328666413250907
120018114,5.879268095372148
120018124,4.371775632238814
120018126,3.066943164039241
120018129,5.619039338127794
120018132,3.8779845743814167
120018133,5.6476331939003845
120018139,4.050353942787061
120018140,5.278484799510875
120018146,6.816426417903684
120018211,5.953097767958386
120018379,6.39319554277706
120018459,5.365557734572476
120019294,6.5062512013878235
120019371,6.214604365463325
120019513,6.66007499941122
120019636,5.873726530751554
120019638,6.381787256210131
120019704,6.724308540916844
120019712,5.170176065751915
120019749,6.6112619131790975
120019849,3.4228154197029514
120019850,3.6783869382961933
120019854,5.992011273901288
120020199,4.751234016251608
120020204,3.776560661575063
120020206,6.938346587825957
120020208,4.63337814674816
120020210,3.0984416081762016
120020211,5.146680213051122
120020218,2.4499948524526016
120020226,3.2781720213058088
120020240,6.282119451835955
120020242,5.327698047176828
120020334,5.530268223076412
120020343,6.332027033852096
120020354,6.828612259837482
120020367,3.5560414307882486
120020373,6.581116682469803
120020387,4.211109822140171
120020800,5.638745513443283
120020805,4.856507301557047
120020844,6.034205412826438
121622699,6.555975807174045
121623043,6.285085523545876
121623126,5.4454463414594985
121839184,7.029311212240262
121860894,5.784153930880563
126212479,5.062381850863834
137059882,3.795265767502226
139268769,5.259673286398167
139269431,6.731018114710008
141288680,5.44071667484928
143249192,6.219282321813797
143249413,5.427504370872136
143249470,6.84677479511756
143249640,6.756292603324498
143249864,5.67719785192226
143396594,5.640580842243604
143398250,4.591609518050639
143416561,6.304765372187241
143418891,6.253122033068098
151949699,6.938154483250978
152335372,6.157841099878643
155442829,5.5608655580063555
155445200,6.706149225032923
155635994,6.493351360933585
166867866,6.482524907132737
167256799,4.837745326921158
167256807,4.489174178059766
32672122,4.3470987086990265
34119718,4.363860117292987
34124239,5.384072087835771
34126002,5.0226867599078195
34127708,3.4932018798969664
34129366,2.699688029561768
34129544,4.947480469081403
34130489,4.380817387106599
34130604,4.270537110448452
34131191,7.1344741631785915
34131278,3.52691425399717
34131807,5.0493642354995805
37648633,5.40229547593854
45337711,2.9141627830458594
45385910,6.581281023406354
45722930,5.281795077025963
45728298,5.572093564601929
45730390,6.072763940363787
47726570,4.58404809544842
69886156,4.38848907711041
69886228,6.355295123927168
69886510,6.364465726755199
70332223,6.343802601911787
70334209,6.534707062996291
70334219,5.545345168656831
74924599,5.930842258267797
75474779,4.156601796551124
75653667,2.60928124005791
75654673,7.011533151574512
80005045,5.565077411790451
81002103,5.620604469846743
86274695,6.199240905675797
86274749,5.243483865124742
86274823,5.22539217728299
86275133,6.541344439740878
86275195,5.783839587135648
91593827,2.803273451181554
91594687,3.7413996052760647
91594827,2.166407068703723
91594833,5.191126479663311
91595845,3.2728556726701417
91597877,3.8969880104521892
91683191,3.3417982580038843
91684663,5.474038851386392
91684979,4.3650429019954355
91685475,2.7055568213963612
91687083,4.043829698824488
91687843,3.856418478303656
91688409,4.19887271116835
91688455,6.254470210420105
91688775,6.489504201062446
91690129,4.847669484130236
91690341,2.6361451928623985
91691877,6.233980542325169
91692521,7.4470180076945764
