0E445706-1F3E-47FA-8A83-D38E2C953307,5.374090758941968
105954753,5.588209583352971
120017988,3.080604519777289
120018006,7.303473514562883
120018022,4.478994080095326
120018032,5.146982454530459
120018049,1.4357444432246902
120018059,2.672269875244862
120018071,3.8112971850735953
120018074,3.598513763486978
120018081,1.7674464842808346
120018084,2.618143912212516
120018089,3.09827468050864
120018090,4.087891348779797
120018094,2.8974496471507756
120018097,2.90594779212815
120018100,2.033480794723971
120018102,2.556480026288286
120018107,4.631326010448825
120018108,4.883345669110628
120018114,3.7022247119545284
120018124,2.2234005383376405
120018126,2.642945398067988
120018129,2.3073078809285077
120018132,2.0246983516717356
120018133,2.2309160940330717
120018139,2.35536788830468
120018140,2.0233605263153693
120018146,5.887921587851598
120018211,3.435306257868944
120018212,4.630900850918137
120018379,4.416641571857871
120018459,2.5916476723230115
120019294,6.084988227579299
120019371,5.4939097956834235
120019513,6.356308610479282
120019636,3.1986285947931417
120019638,3.8133495492838563
120019704,4.757301597038189
120019712,2.7958365950015334
120019749,5.266130450984225
120019849,2.8240124483620903
120019850,2.9584041838811
120019854,3.9743662393652937
120020199,1.5523385262830325
120020204,1.9667067157096907
120020206,6.19673471804039
120020208,3.205882133804078
120020210,3.643993208559684
120020211,2.737761927303054
120020218,4.705278581194626
120020226,7.060252525866341
120020240,3.074004384213746
120020242,1.844616682625987
120020334,2.9094869523391345
120020343,3.3826697533819763
120020354,4.919215729757073
120020367,3.191174334929601
120020373,2.691383277484256
120020387,4.55179372942677
120020800,3.2869127443541943
120020844,3.909018090865197
121622699,4.772337920142231
121623043,3.3409728177771796
121623126,2.5047048073774554
121839184,6.169828540911277
121860894,2.393513241478967
126212479,4.349801494519923
137059882,4.523576781872601
139268769,2.4975159051171754
139269431,3.197230094666833
141288680,1.9225079823905065
143249192,2.3359652230749957
143249413,1.9595327648347636
143249470,5.226667880494956
143249640,4.591552508639457
143249864,2.4818909583952116
143396594,9.955806643585706
143398250,7.156185285782801
143416561,5.866798201066229
143418891,5.313818723107827
151949699,4.646113847430511
152335372,3.0675994909622832
155442829,3.6264748639824345
155445200,4.961901258747268
155635994,2.8344556018904377
166867866,3.6203168439332387
167256799,2.6451851078189206
167256807,2.6673366423731126
32672122,1.8768990969213288
34119718,7.508428971015385
34124239,4.4739556960997495
34126002,3.137769697955367
34127708,2.275923014997477
34129366,5.212407953872792
34129544,1.980931377131545
34130489,8.814926682709851
34130604,2.1434865430425254
34131191,4.913574038874191
34131278,1.9908882458076893
34131807,2.5680828443390924
37648633,2.413771528591675
45337711,6.896972873201841
45385910,4.8372326483263715
45722930,1.6700824687716553
45728298,2.2263029783465433
45730390,3.560192773473497
47726570,2.0409265340341376
69886156,2.446606872753514
69886228,3.785167211698975
69886510,4.042796412658809
70332223,4.525400723497665
70334209,4.016017136368046
70334219,4.583726740864597
74924599,2.8040824618234668
75474779,3.0998152724824206
75653667,4.400943858242195
75654673,6.488573313267575
80005045,2.6301712506715136
81002103,2.2901771755480747
86274695,2.8213982845705328
86274749,5.8889149767554105
86274823,2.6299279687852084
86275133,5.089326397256187
86275195,2.6313035132136395
91593827,2.9728041146491706
91594687,6.972794800553891
91594827,5.549563787386714
91594833,1.7371423333642668
91595845,4.073383516559901
91597877,1.8799935043880116
91683191,7.71448998196099
91684663,2.7686548587728583
91684979,1.9390837557306018
91685475,3.505018610563998
91687083,7.789454002178873
91687843,5.107063375406725
91688409,3.3472788967256637
91688455,2.127969017822834
91688775,3.409949810558471
91690129,4.007027913104639
91690341,4.687841108090987
91691877,2.780704492324171
91692521,6.309082817176116
