0E445706-1F3E-47FA-8A83-D38E2C953307,4.448077543582864
105954753,3.9566810400400723
120017988,2.7990915042620945
120018006,2.6315575881488362
120018022,2.481817106815908
120018032,3.0029425367410654
120018049,2.887459998723091
120018059,2.7935237048253416
120018071,2.577585918519495
120018074,2.5259753616820815
120018081,2.8961172350394726
120018084,2.7870240706329454
120018089,2.6577773212079014
120018090,2.6956924294738656
120018094,2.5463476048105593
120018097,2.548570300644133
120018100,3.5124297195367555
120018102,2.520145944391373
120018107,2.5507183552500603
120018108,2.800742514702299
120018114,3.219723674557892
120018124,2.7910487209480395
120018126,2.5303751861941497
120018129,2.600742091298903
120018132,2.7799058212384447
120018133,2.9980290637752467
120018139,2.794628051141327
120018140,3.0139832068222794
120018146,2.9474923694092587
120018211,3.202475360661958
120018212,2.8593000477494392
120018379,2.8398935602523347
120018459,2.884588453696631
120019294,4.869410951718782
120019371,4.188875155375788
120019513,4.297924784031791
120019636,3.077555495084371
120019638,3.7791811955456267
120019704,3.0264156836505522
120019712,2.825004115311198
120019749,3.0835772174205
120019849,3.0769282771486
120019850,3.044688511591447
120019854,3.9877623672241733
120020199,2.7263392056395532
120020204,2.8724669482287304
120020206,3.3033323896998015
120020208,2.4695699535762405
120020210,2.4266709985877126
120020211,2.7488592274161205
120020218,2.5258144248831926
120020226,2.5405041745891226
120020240,3.1349176761008337
120020242,2.67381208670316
120020334,2.610535173938608
120020343,2.7821094959490162
120020354,2.7691450026794153
120020367,2.4944406196771136
120020373,3.09579916694223
120020387,3.35539183260153
120020800,3.4858622981801393
120020805,2.8038489948768706
120020844,2.5287887011299457
121622699,3.026421820519897
121623043,2.8347169710085245
121623126,2.6933122836216365
121839184,3.0938519799620314
121860894,2.868118865329569
126212479,3.168562888662504
137059882,2.6926542337533923
139268769,2.8376570400042134
139269431,3.5325059030513697
141288680,2.971546455106337
143249192,3.2446865803215155
143249413,3.2170870977790536
143249470,4.4724229806856135
143249640,3.6517381093481105
143249864,2.6538266992551414
143396594,3.156566570188213
143398250,3.6111652624672104
143416561,3.7944785903309253
143418891,4.662666904417363
151949699,2.744604757434356
152335372,3.117635129937063
155442829,4.93882203006985
155445200,4.867663586384294
155635994,3.015212624637794
166867866,3.5523939520948264
167256799,2.8960177760781627
167256807,2.7733016828054193
32672122,2.7504384246769282
34119718,2.408888040486461
34124239,2.4531271987130405
34126002,2.8166321888109533
34127708,2.582735295889106
34129366,2.6899119740531385
34129544,3.1028332112066703
34130604,2.8121275072780416
34131191,2.539815575368993
34131278,2.7872931761888813
34131807,3.054866115151013
37648633,2.746190494025369
45337711,2.52523586059385
45385910,2.842783594782305
45722930,3.0764999240809945
45728298,2.94281200410857
45730390,3.7573829333956685
47726570,3.165139088056857
69886156,2.746920395338641
69886228,4.322708414540575
69886510,3.4549300943733994
70332223,2.9015223710130544
70334209,2.6375703289930263
70334219,2.883588584641448
74924599,3.87860010340512
75474779,2.773646084578763
75653667,2.786008132663684
75654673,3.1602712352787874
80005045,3.664578565991754
81002103,3.257251091184614
86274695,3.38997225004056
86274749,2.7956668720819744
86274823,2.964596171559194
86275133,2.839436893750318
86275195,2.88102788923897
91593827,2.5328148668015835
91594687,2.611209505512473
91594827,2.501781991297539
91594833,3.0670410380297075
91595845,2.7873004394757563
91597877,2.85998023181457
91683191,2.4407513802409735
91684663,2.7527116009305423
91684979,2.9161106318414216
91685475,2.62668543574113
91687083,2.318559540435254
91687843,2.4375495042287474
91688409,2.5656882646690873
91688455,3.1333622690625136
91688775,2.7656381872881504
91690129,2.657814079279951
91690341,2.6301329690301296
91691877,3.3337022639780347
91692521,3.1582644396946273
