0E445706-1F3E-47FA-8A83-D38E2C953307,2.771126826683039
105954753,2.318136160784078
120017988,1.773104134676753
120018006,1.9708870711438402
120018022,1.7126150350898324
120018032,1.7279202752506657
120018049,1.732581505994922
120018059,1.6711902732826207
120018071,1.4658491057423646
120018074,1.5958745561492336
120018081,1.7406316259560999
120018084,1.6477845704527467
120018089,1.7739844128098918
120018090,1.6304859056286114
120018094,1.516281825218995
120018097,1.5461730514931669
120018100,2.1334007802414963
120018102,1.5372294546569045
120018107,1.6610468348891312
120018108,1.9398390893015378
120018114,2.0451993556189816
120018124,1.8365568613103076
120018126,1.643201377662289
120018129,1.6230617810702062
120018132,1.7737211053439164
120018133,1.832888123228593
120018139,1.6380761091406835
120018140,1.8041456312653035
120018146,1.8539755180021649
120018211,2.0608759028342774
120018212,1.5741323088709887
120018379,1.5939654867104842
120018459,1.8541518718155574
120019294,2.982953207490371
120019371,2.547874353715911
120019513,2.640085288883564
120019636,1.85830938081666
120019638,2.110349541268151
120019704,1.8256135706786287
120019712,1.8341764706834247
120019749,2.0570896980594586
120019849,2.652460285620686
120019850,2.2761517738739805
120019854,2.7635625765493637
120020199,1.713054385462297
120020204,1.7450652508512148
120020206,1.9202420153886874
120020208,1.5583778628981881
120020210,1.4211156796065534
120020211,1.6663501093590045
120020218,1.6358545202641313
120020226,1.9856040204493657
120020240,1.9951842955525005
120020242,1.7682311602946719
120020334,1.7781825948559435
120020343,1.667826247241828
120020354,1.7169435844680963
120020367,1.400632066050228
120020373,2.0633388034772873
120020387,2.4573196364562566
120020800,2.55248862991836
120020805,1.7696844425873142
120020844,1.6065258425788003
121622699,1.9833309213714443
121623043,1.7760513035276797
121623126,1.841582052668974
121839184,1.8233972981380857
121860894,1.70543140159976
126212479,2.1851992071857236
137059882,1.8521140293628346
139268769,1.6626101807289013
139269431,2.1725141812442073
141288680,1.864659886631177
143249192,1.9300073463258733
143249413,1.9727396306594196
143249470,2.7791332807024496
143249640,2.2850817176705873
143249864,1.961727260332764
143396594,2.081067490467793
143398250,2.215173484282581
143416561,2.363513247471964
143418891,3.0504711454344493
151949699,1.71902076525283
152335372,1.8790511573312092
155442829,3.4815029554792214
155445200,2.9601061557614967
155635994,1.8612416571389612
166867866,2.214384193741413
167256799,1.704916545979932
167256807,1.6814293494076962
32672122,1.7544621743077211
34119718,1.4823116152264444
34124239,1.5754769123502559
34126002,1.5467534137336332
34127708,1.6686983547962873
34129366,1.5903725943405866
34129544,1.829248170624524
34130489,2.270791936157452
34130604,1.7638447096652714
34131191,1.710453964607445
34131278,1.705125649161298
34131807,1.7920820266879591
37648633,1.7980752632721124
45337711,1.6001823896819285
45385910,1.7123869768490447
45722930,1.8978376368120335
45728298,2.0131615059112495
45730390,3.0603088880832803
47726570,1.8425797986493828
69886156,1.7728369633441043
69886228,2.529448720135186
69886510,2.229384965252216
70332223,2.3686441181218765
70334209,1.8660589317424217
70334219,2.1598005559235074
74924599,2.5806451148328122
75474779,1.8404227475331782
75653667,1.852393190788678
75654673,1.9363961772906266
80005045,2.0703818863263934
81002103,1.8987664943690672
86274695,2.095324233768426
86274749,1.9080149740216745
86274823,1.755118285256407
86275133,1.657660403411829
86275195,1.7935336594529323
91593827,1.5603369009659152
91594687,2.142938631103621
91594827,1.4407605690370706
91594833,1.834771060744973
91595845,2.4554028723741568
91597877,1.8893861890953076
91684663,2.10763652372402
91684979,1.8064277853501287
91685475,1.7660318695772417
91687083,1.4431573921238179
91687843,1.5591278738783632
91688409,2.018625896636188
91688455,2.037511373265039
91688775,1.8048486976764138
91690129,1.8943926371045905
91690341,1.8758838178417077
91691877,2.0201538889317
91692521,1.9028372163406813
